    1    1   12 128.7166667  38.4000000   08   11   03   00   01 128.6250000  38.3750000  OMAS_PROFILE_20200811_085239_566.IDF
    1    1   12 128.6666667  38.4166667   08   10   15   00   02 128.6250000  38.3750000  OMAS_PROFILE_20200811_095326_816.IDF
    1    1   12 128.7333333  38.4833333   08   12   09   00   03 128.6250000  38.3750000  OMAS_PROFILE_20200813_134052_181.IDF
    2    2   11 128.8833333  38.2166667   07   04   20   00   01 128.8750000  38.1250000  OMAS_PROFILE_20200705_101433_359.IDF
    2    2   11 128.8333333  38.2166667   07   11   09   00   02 128.8750000  38.1250000  OMAS_PROFILE_20200712_100510_698.IDF
    2    2   11 128.7500000  38.2333333   07   24   15   00   03 128.8750000  38.1250000  OMAS_PROFILE_20200725_124823_890.IDF
    2    2   11 128.8000000  38.1666667   08   06   15   00   04 128.8750000  38.1250000  OMAS_PROFILE_20200807_094732_260.IDF
    2    2   11 128.8166667  38.2000000   08   06   09   00   05 128.8750000  38.1250000  OMAS_PROFILE_20200807_095602_561.IDF
    3    2   12 128.8000000  38.3500000   07   02   03   00   01 128.8750000  38.3750000  OMAS_PROFILE_20200702_103256_474.IDF
    3    2   12 128.9333333  38.4166667   07   02   20   00   02 128.8750000  38.3750000  OMAS_PROFILE_20200703_091052_091.IDF
    3    2   12 128.8833333  38.4833333   07   04   03   00   03 128.8750000  38.3750000  OMAS_PROFILE_20200704_094454_188.IDF
    3    2   12 128.8333333  38.4833333   07   03   20   00   04 128.8750000  38.3750000  OMAS_PROFILE_20200704_102022_049.IDF
    3    2   12 128.8333333  38.4500000   07   04   09   00   05 128.8750000  38.3750000  OMAS_PROFILE_20200705_103307_489.IDF
    3    2   12 128.9666667  38.3666667   07   10   15   00   06 128.8750000  38.3750000  OMAS_PROFILE_20200711_092724_339.IDF
    3    2   12 128.8833333  38.4000000   07   12   03   00   07 128.8750000  38.3750000  OMAS_PROFILE_20200712_092245_708.IDF
    3    2   12 128.8666667  38.3666667   07   12   15   00   08 128.8750000  38.3750000  OMAS_PROFILE_20200713_135650_993.IDF
    3    2   12 128.8833333  38.4000000   07   12   09   00   09 128.8750000  38.3750000  OMAS_PROFILE_20200713_141443_571.IDF
    3    2   12 128.8500000  38.4500000   07   13   20   00   10 128.8750000  38.3750000  OMAS_PROFILE_20200714_094201_414.IDF
    3    2   12 128.8666667  38.4500000   07   16   15   00   11 128.8750000  38.3750000  OMAS_PROFILE_20200717_092310_741.IDF
    3    2   12 128.8833333  38.4166667   07   18   03   00   12 128.8750000  38.3750000  OMAS_PROFILE_20200718_091118_968.IDF
    3    2   12 128.9833333  38.3333333   07   18   20   00   13 128.8750000  38.3750000  OMAS_PROFILE_20200719_090414_565.IDF
    3    2   12 128.9166667  38.3166667   07   21   03   00   14 128.8750000  38.3750000  OMAS_PROFILE_20200721_093625_271.IDF
    3    2   12 128.8333333  38.4500000   07   23   03   00   15 128.8750000  38.3750000  OMAS_PROFILE_20200723_085600_140.IDF
    3    2   12 128.8333333  38.4500000   07   23   03   00   16 128.8750000  38.3750000  OMAS_PROFILE_20200723_090454_969.IDF
    3    2   12 128.9166667  38.4333333   07   23   15   00   17 128.8750000  38.3750000  OMAS_PROFILE_20200724_092646_252.IDF
    3    2   12 128.8166667  38.3833333   07   26   03   00   18 128.8750000  38.3750000  OMAS_PROFILE_20200726_110647_329.IDF
    3    2   12 128.8000000  38.3000000   07   26   20   00   19 128.8750000  38.3750000  OMAS_PROFILE_20200727_102439_316.IDF
    3    2   12 128.8166667  38.3500000   07   26   15   00   20 128.8750000  38.3750000  OMAS_PROFILE_20200727_133112_496.IDF
    3    2   12 128.9333333  38.4666667   07   28   15   00   21 128.8750000  38.3750000  OMAS_PROFILE_20200729_104006_797.IDF
    3    2   12 128.9166667  38.4333333   07   29   20   00   22 128.8750000  38.3750000  OMAS_PROFILE_20200730_084448_001.IDF
    3    2   12 128.9166667  38.4666667   07   30   15   00   23 128.8750000  38.3750000  OMAS_PROFILE_20200731_131059_499.IDF
    3    2   12 128.7666667  38.4666667   07   31   15   00   24 128.8750000  38.3750000  OMAS_PROFILE_20200801_101414_280.IDF
    3    2   12 128.7666667  38.4666667   07   31   09   00   25 128.8750000  38.3750000  OMAS_PROFILE_20200801_102749_405.IDF
    3    2   12 128.9333333  38.4500000   08   02   03   00   26 128.8750000  38.3750000  OMAS_PROFILE_20200802_131033_879.IDF
    3    2   12 128.8000000  38.4333333   08   01   09   00   27 128.8750000  38.3750000  OMAS_PROFILE_20200802_133548_348.IDF
    3    2   12 128.8000000  38.4166667   08   03   15   00   28 128.8750000  38.3750000  OMAS_PROFILE_20200804_094738_173.IDF
    3    2   12 128.9833333  38.2500000   08   06   20   00   29 128.8750000  38.3750000  OMAS_PROFILE_20200807_093746_259.IDF
    3    2   12 128.8000000  38.4166667   08   07   20   00   30 128.8750000  38.3750000  OMAS_PROFILE_20200808_111337_258.IDF
    3    2   12 128.8500000  38.4000000   08   09   20   00   31 128.8750000  38.3750000  OMAS_PROFILE_20200810_135040_441.IDF
    3    2   12 128.8166667  38.4500000   08   09   15   00   32 128.8750000  38.3750000  OMAS_PROFILE_20200810_141154_512.IDF
    3    2   12 128.8833333  38.4833333   08   09   09   00   33 128.8750000  38.3750000  OMAS_PROFILE_20200810_141626_745.IDF
    3    2   12 128.8166667  38.3000000   08   10   20   00   34 128.8750000  38.3750000  OMAS_PROFILE_20200811_090934_839.IDF
    3    2   12 128.8500000  38.4000000   08   10   09   00   35 128.8750000  38.3750000  OMAS_PROFILE_20200811_095700_019.IDF
    3    2   12 128.8833333  38.4997222   08   11   15   00   36 128.8750000  38.3750000  OMAS_PROFILE_20200812_091236_936.IDF
    3    2   12 128.9166667  38.4333333   08   12   15   00   37 128.8750000  38.3750000  OMAS_PROFILE_20200813_132323_636.IDF
    3    2   12 128.9833333  38.3666667   08   14   03   00   38 128.8750000  38.3750000  OMAS_PROFILE_20200814_093406_871.IDF
    3    2   12 128.8500000  38.4666667   08   13   20   00   39 128.8750000  38.3750000  OMAS_PROFILE_20200814_095447_587.IDF
    3    2   12 128.8333333  38.4833333   08   17   15   00   40 128.8750000  38.3750000  OMAS_PROFILE_20200818_114710_068.IDF
    3    2   12 128.9166667  38.4333333   08   21   20   00   41 128.8750000  38.3750000  OMAS_PROFILE_20200822_091708_707.IDF
    3    2   12 128.9166667  38.3666667   08   22   03   00   42 128.8750000  38.3750000  OMAS_PROFILE_20200822_101100_369.IDF
    3    2   12 128.7666667  38.3833333   08   23   15   00   43 128.8750000  38.3750000  OMAS_PROFILE_20200824_105442_531.IDF
    3    2   12 128.9833333  38.3833333   08   25   03   00   44 128.8750000  38.3750000  OMAS_PROFILE_20200825_090929_949.IDF
    3    2   12 128.9833333  38.4666667   08   24   09   00   45 128.8750000  38.3750000  OMAS_PROFILE_20200825_095854_907.IDF
    3    2   12 128.9166667  38.3666667   08   25   15   00   46 128.8750000  38.3750000  OMAS_PROFILE_20200826_093333_293.IDF
    3    2   12 128.9333333  38.4000000   08   29   03   00   47 128.8750000  38.3750000  OMAS_PROFILE_20200829_101829_020.IDF
    3    2   12 128.9833333  38.4833333   08   29   15   00   48 128.8750000  38.3750000  OMAS_PROFILE_20200830_090010_744.IDF
    3    2   12 128.9333333  38.4000000   08   29   09   00   49 128.8750000  38.3750000  OMAS_PROFILE_20200830_091309_970.IDF
    3    2   12 128.9000000  38.4833333   08   31   03   00   50 128.8750000  38.3750000  OMAS_PROFILE_20200831_090815_828.IDF
    4    3   11 129.1333333  38.0000000   07   02   00   25   01 129.1250000  38.1250000  OMAS_PROFILE_20200702_102816_122.IDF
    4    3   11 129.1000000  38.1666667   07   11   15   00   02 129.1250000  38.1250000  OMAS_PROFILE_20200712_100019_219.IDF
    4    3   11 129.0166667  38.2000000   07   14   03   00   03 129.1250000  38.1250000  OMAS_PROFILE_20200714_100040_185.IDF
    4    3   11 129.0666667  38.0000000   07   14   19   45   04 129.1250000  38.1250000  OMAS_PROFILE_20200715_091429_344.IDF
    4    3   11 129.1833333  38.0000000   07   18   10   55   05 129.1250000  38.1250000  OMAS_PROFILE_20200719_091950_520.IDF
    4    3   11 129.2333333  38.0833333   07   24   03   00   06 129.1250000  38.1250000  OMAS_PROFILE_20200724_090834_863.IDF
    4    3   11 129.1000000  38.0333333   07   25   03   00   07 129.1250000  38.1250000  OMAS_PROFILE_20200725_124029_208.IDF
    4    3   11 129.1166667  38.2333333   07   24   20   00   08 129.1250000  38.1250000  OMAS_PROFILE_20200725_124232_442.IDF
    4    3   11 129.2000000  38.0663889   08   11   10   27   09 129.1250000  38.1250000  OMAS_PROFILE_20200812_091618_674.IDF
    4    3   11 129.2333333  38.2333333   08   26   15   00   10 129.1250000  38.1250000  OMAS_PROFILE_20200827_094138_949.IDF
    4    3   11 129.0333333  38.2166667   08   27   20   00   11 129.1250000  38.1250000  OMAS_PROFILE_20200828_102957_101.IDF
    4    3   11 129.0333333  38.0333333   08   27   22   00   12 129.1250000  38.1250000  OMAS_PROFILE_20200828_103325_684.IDF
    4    3   11 129.1000000  38.1833333   08   27   15   00   13 129.1250000  38.1250000  OMAS_PROFILE_20200828_103639_954.IDF
    4    3   11 129.1000000  38.0500000   08   27   11   52   14 129.1250000  38.1250000  OMAS_PROFILE_20200828_104124_095.IDF
    5    3   12 129.2333333  38.4500000   07   06   03   00   01 129.1250000  38.3750000  OMAS_PROFILE_20200706_084317_044.IDF
    5    3   12 129.1000000  38.4833333   07   08   03   00   02 129.1250000  38.3750000  OMAS_PROFILE_20200708_113333_541.IDF
    5    3   12 129.0666667  38.4500000   07   09   03   00   03 129.1250000  38.3750000  OMAS_PROFILE_20200709_085806_984.IDF
    5    3   12 129.0833333  38.4000000   07   11   03   00   04 129.1250000  38.3750000  OMAS_PROFILE_20200711_102507_704.IDF
    5    3   12 129.1833333  38.4166667   07   14   15   00   05 129.1250000  38.3750000  OMAS_PROFILE_20200715_092557_593.IDF
    5    3   12 129.1500000  38.2666667   07   14   09   00   06 129.1250000  38.3750000  OMAS_PROFILE_20200715_094720_933.IDF
    5    3   12 129.1833333  38.4500000   07   15   15   00   07 129.1250000  38.3750000  OMAS_PROFILE_20200716_090852_059.IDF
    5    3   12 129.0500000  38.4333333   07   15   09   00   08 129.1250000  38.3750000  OMAS_PROFILE_20200716_091325_699.IDF
    5    3   12 129.0000000  38.4000000   07   17   03   00   09 129.1250000  38.3750000  OMAS_PROFILE_20200717_084241_507.IDF
    5    3   12 129.0166667  38.4666667   07   16   20   00   10 129.1250000  38.3750000  OMAS_PROFILE_20200717_084735_512.IDF
    5    3   12 129.0500000  38.4500000   07   17   20   00   11 129.1250000  38.3750000  OMAS_PROFILE_20200718_091540_142.IDF
    5    3   12 129.1500000  38.4166667   07   18   09   00   12 129.1250000  38.3750000  OMAS_PROFILE_20200719_092232_182.IDF
    5    3   12 129.0666667  38.3333333   07   20   03   00   13 129.1250000  38.3750000  OMAS_PROFILE_20200720_084729_919.IDF
    5    3   12 129.0000000  38.3500000   07   20   09   00   14 129.1250000  38.3750000  OMAS_PROFILE_20200721_103102_739.IDF
    5    3   12 129.0666667  38.3333333   07   24   09   00   15 129.1250000  38.3750000  OMAS_PROFILE_20200725_125302_890.IDF
    5    3   12 129.1333333  38.3833333   07   25   20   00   16 129.1250000  38.3750000  OMAS_PROFILE_20200726_110233_988.IDF
    5    3   12 129.0000000  38.4166667   07   27   03   00   17 129.1250000  38.3750000  OMAS_PROFILE_20200727_101212_240.IDF
    5    3   12 129.0333333  38.3333333   07   27   20   00   18 129.1250000  38.3750000  OMAS_PROFILE_20200728_083826_287.IDF
    5    3   12 129.0333333  38.3833333   07   27   15   00   19 129.1250000  38.3750000  OMAS_PROFILE_20200728_090322_439.IDF
    5    3   12 129.1833333  38.3833333   07   28   03   00   20 129.1250000  38.3750000  OMAS_PROFILE_20200728_093202_276.IDF
    5    3   12 129.0166667  38.4666667   07   28   09   00   21 129.1250000  38.3750000  OMAS_PROFILE_20200729_105226_053.IDF
    5    3   12 129.1666667  38.4666667   07   29   15   00   22 129.1250000  38.3750000  OMAS_PROFILE_20200730_091554_125.IDF
    5    3   12 129.0500000  38.3166667   07   30   03   00   23 129.1250000  38.3750000  OMAS_PROFILE_20200730_093709_525.IDF
    5    3   12 129.0166667  38.4833333   08   01   15   00   24 129.1250000  38.3750000  OMAS_PROFILE_20200802_133331_336.IDF
    5    3   12 129.1500000  38.4166667   08   05   03   00   25 129.1250000  38.3750000  OMAS_PROFILE_20200805_132020_665.IDF
    5    3   12 129.0500000  38.3666667   08   04   15   00   26 129.1250000  38.3750000  OMAS_PROFILE_20200805_142501_221.IDF
    5    3   12 129.2000000  38.3333333   08   06   03   00   27 129.1250000  38.3750000  OMAS_PROFILE_20200806_083558_378.IDF
    5    3   12 129.0666667  38.4666667   08   07   03   00   28 129.1250000  38.3750000  OMAS_PROFILE_20200807_092310_268.IDF
    5    3   12 129.2166667  38.3666667   08   08   03   00   29 129.1250000  38.3750000  OMAS_PROFILE_20200808_111941_865.IDF
    5    3   12 129.1000000  38.4333333   08   13   15   00   30 129.1250000  38.3750000  OMAS_PROFILE_20200814_095625_177.IDF
    5    3   12 129.1000000  38.4500000   08   19   03   00   31 129.1250000  38.3750000  OMAS_PROFILE_20200819_100255_148.IDF
    5    3   12 129.1666667  38.4333333   08   20   03   00   32 129.1250000  38.3750000  OMAS_PROFILE_20200820_100651_334.IDF
    5    3   12 129.0666667  38.4833333   08   20   15   00   33 129.1250000  38.3750000  OMAS_PROFILE_20200821_101837_205.IDF
    5    3   12 129.2166667  38.4166667   08   21   15   00   34 129.1250000  38.3750000  OMAS_PROFILE_20200822_091510_322.IDF
    5    3   12 129.1333333  38.4500000   08   23   03   00   35 129.1250000  38.3750000  OMAS_PROFILE_20200823_083042_753.IDF
    5    3   12 129.1500000  38.4000000   08   22   20   00   36 129.1250000  38.3750000  OMAS_PROFILE_20200823_084646_664.IDF
    5    3   12 129.1000000  38.3666667   08   23   20   00   37 129.1250000  38.3750000  OMAS_PROFILE_20200824_104216_899.IDF
    5    3   12 129.1500000  38.3000000   08   28   03   00   38 129.1250000  38.3750000  OMAS_PROFILE_20200828_102019_372.IDF
    5    3   12 129.0833333  38.4833333   08   28   15   00   39 129.1250000  38.3750000  OMAS_PROFILE_20200829_095626_610.IDF
    5    3   12 129.0166667  38.3333333   08   28   20   00   40 129.1250000  38.3750000  OMAS_PROFILE_20200829_101233_485.IDF
    5    3   12 129.2166667  38.4166667   08   31   20   00   41 129.1250000  38.3750000  OMAS_PROFILE_20200831_091630_379.IDF
    5    3   12 129.1333333  38.4833333   08   31   15   00   42 129.1250000  38.3750000  OMAS_PROFILE_20200831_093003_077.IDF
    5    3   12 129.0000000  38.4833333   08   31   09   00   43 129.1250000  38.3750000  OMAS_PROFILE_20200831_093340_652.IDF
    5    3   12 129.1333333  38.3833333   08   31   20   00   44 129.1250000  38.3750000  OMAS_PROFILE_20200901_083543_318.IDF
    6    4   11 129.4666667  38.0000000   07   01   21   00   01 129.3750000  38.1250000  OMAS_PROFILE_20200702_102705_730.IDF
    6    4   11 129.4666667  38.0000000   07   02   12   00   02 129.3750000  38.1250000  OMAS_PROFILE_20200703_092715_808.IDF
    6    4   11 129.3166667  38.0000000   07   07   22   30   03 129.3750000  38.1250000  OMAS_PROFILE_20200707_093731_674.IDF
    6    4   11 129.3833333  38.0333333   07   25   09   00   04 129.3750000  38.1250000  OMAS_PROFILE_20200726_104648_913.IDF
    6    4   11 129.3000000  38.0000000   07   28   11   20   05 129.3750000  38.1250000  OMAS_PROFILE_20200729_104612_765.IDF
    6    4   11 129.4500000  38.2166667   07   29   20   00   06 129.3750000  38.1250000  OMAS_PROFILE_20200802_132158_116.IDF
    6    4   11 129.2833333  38.0000000   08   07   11   00   07 129.3750000  38.1250000  OMAS_PROFILE_20200808_092659_037.IDF
    6    4   11 129.3500000  38.0166667   08   18   21   56   08 129.3750000  38.1250000  OMAS_PROFILE_20200819_101517_457.IDF
    6    4   11 129.4500000  38.0000000   08   23   03   00   09 129.3750000  38.1250000  OMAS_PROFILE_20200823_083139_057.IDF
    6    4   11 129.3000000  38.0000000   08   24   11   00   10 129.3750000  38.1250000  OMAS_PROFILE_20200825_095314_255.IDF
    6    4   11 129.2500000  38.0000000   08   28   11   40   11 129.3750000  38.1250000  OMAS_PROFILE_20200829_095050_332.IDF
    7    4   12 129.4833333  38.2500000   07   02   15   00   01 129.3750000  38.3750000  OMAS_PROFILE_20200703_091712_996.IDF
    7    4   12 129.2833333  38.4500000   07   05   20   00   02 129.3750000  38.3750000  OMAS_PROFILE_20200706_095231_485.IDF
    7    4   12 129.2500000  38.4500000   07   13   09   00   03 129.3750000  38.3750000  OMAS_PROFILE_20200714_093456_844.IDF
    7    4   12 129.2500000  38.3833333   07   14   20   00   04 129.3750000  38.3750000  OMAS_PROFILE_20200715_091954_830.IDF
    7    4   12 129.3500000  38.3833333   07   16   09   00   05 129.3750000  38.3750000  OMAS_PROFILE_20200717_094018_278.IDF
    7    4   12 129.2666667  38.4500000   07   19   03   00   06 129.3750000  38.3750000  OMAS_PROFILE_20200719_085946_949.IDF
    7    4   12 129.2500000  38.4000000   07   19   20   00   07 129.3750000  38.3750000  OMAS_PROFILE_20200720_082922_333.IDF
    7    4   12 129.2666667  38.4833333   07   20   20   00   08 129.3750000  38.3750000  OMAS_PROFILE_20200721_094925_528.IDF
    7    4   12 129.2500000  38.3833333   07   20   15   00   09 129.3750000  38.3750000  OMAS_PROFILE_20200721_101621_871.IDF
    7    4   12 129.3166667  38.2833333   07   25   15   00   10 129.3750000  38.3750000  OMAS_PROFILE_20200726_105208_962.IDF
    7    4   12 129.4000000  38.4000000   07   29   20   00   11 129.3750000  38.3750000  OMAS_PROFILE_20200730_092945_550.IDF
    7    4   12 129.2500000  38.3833333   07   31   03   00   12 129.3750000  38.3750000  OMAS_PROFILE_20200731_085833_931.IDF
    7    4   12 129.2500000  38.4166667   08   04   20   00   13 129.3750000  38.3750000  OMAS_PROFILE_20200805_141542_603.IDF
    7    4   12 129.2666667  38.3500000   08   07   15   00   14 129.3750000  38.3750000  OMAS_PROFILE_20200808_093119_684.IDF
    7    4   12 129.3000000  38.4833333   08   10   03   00   15 129.3750000  38.3750000  OMAS_PROFILE_20200810_133716_143.IDF
    7    4   12 129.4000000  38.4166667   08   13   03   00   16 129.3750000  38.3750000  OMAS_PROFILE_20200813_093854_423.IDF
    7    4   12 129.4500000  38.4833333   08   23   03   00   17 129.3750000  38.3750000  OMAS_PROFILE_20200823_083254_230.IDF
    7    4   12 129.3333333  38.2833333   08   26   09   00   18 129.3750000  38.3750000  OMAS_PROFILE_20200827_094956_142.IDF
    7    4   12 129.4000000  38.3333333   08   28   09   00   19 129.3750000  38.3750000  OMAS_PROFILE_20200829_094744_454.IDF
    7    4   12 129.4333333  38.4666667   08   28   15   00   20 129.3750000  38.3750000  OMAS_PROFILE_20200829_095218_428.IDF
    7    4   12 129.3000000  38.3666667   08   31   15   00   21 129.3750000  38.3750000  OMAS_PROFILE_20200901_085131_565.IDF
    8    5    9 129.5166667  37.6166667   07   02   20   00   01 129.6250000  37.6250000  OMAS_PROFILE_20200703_091359_427.IDF
    8    5    9 129.6333333  37.6833333   07   10   20   00   02 129.6250000  37.6250000  OMAS_PROFILE_20200711_100536_335.IDF
    9    5   10 129.7333333  37.9166667   07   02   20   00   01 129.6250000  37.8750000  OMAS_PROFILE_20200703_090429_234.IDF
    9    5   10 129.5833333  37.9666667   07   04   03   00   02 129.6250000  37.8750000  OMAS_PROFILE_20200704_095131_280.IDF
    9    5   10 129.5333333  37.9333333   07   05   20   00   03 129.6250000  37.8750000  OMAS_PROFILE_20200706_113659_641.IDF
    9    5   10 129.6166667  37.9666667   07   05   15   00   04 129.6250000  37.8750000  OMAS_PROFILE_20200706_130535_254.IDF
    9    5   10 129.6000000  37.9833333   07   07   03   00   05 129.6250000  37.8750000  OMAS_PROFILE_20200707_092353_041.IDF
    9    5   10 129.6833333  37.9833333   07   06   09   00   06 129.6250000  37.8750000  OMAS_PROFILE_20200707_101341_137.IDF
    9    5   10 129.5166667  37.9166667   07   12   03   00   07 129.6250000  37.8750000  OMAS_PROFILE_20200712_091921_875.IDF
    9    5   10 129.7000000  37.7666667   07   11   15   00   08 129.6250000  37.8750000  OMAS_PROFILE_20200712_095905_402.IDF
    9    5   10 129.5333333  37.8833333   07   14   15   00   09 129.6250000  37.8750000  OMAS_PROFILE_20200715_094225_608.IDF
    9    5   10 129.7000000  37.9833333   07   18   03   00   10 129.6250000  37.8750000  OMAS_PROFILE_20200718_091423_201.IDF
    9    5   10 129.6666667  37.9500000   07   17   09   00   11 129.6250000  37.8750000  OMAS_PROFILE_20200718_104358_799.IDF
    9    5   10 129.6833333  37.9833333   07   18   20   00   12 129.6250000  37.8750000  OMAS_PROFILE_20200719_090310_391.IDF
    9    5   10 129.6666667  37.9333333   07   18   09   00   13 129.6250000  37.8750000  OMAS_PROFILE_20200719_092047_086.IDF
    9    5   10 129.6833333  37.8833333   07   19   09   00   14 129.6250000  37.8750000  OMAS_PROFILE_20200720_081451_557.IDF
    9    5   10 129.6666667  37.9500000   07   20   15   00   15 129.6250000  37.8750000  OMAS_PROFILE_20200721_101741_539.IDF
    9    5   10 129.6833333  37.8666667   07   20   09   00   16 129.6250000  37.8750000  OMAS_PROFILE_20200721_103202_857.IDF
    9    5   10 129.6500000  37.9333333   07   21   20   00   17 129.6250000  37.8750000  OMAS_PROFILE_20200722_134131_735.IDF
    9    5   10 129.5833333  37.9666667   07   22   20   00   18 129.6250000  37.8750000  OMAS_PROFILE_20200723_092423_772.IDF
    9    5   10 129.6666667  37.9333333   07   24   20   00   19 129.6250000  37.8750000  OMAS_PROFILE_20200724_091417_969.IDF
    9    5   10 129.6166667  37.9166667   07   25   20   00   20 129.6250000  37.8750000  OMAS_PROFILE_20200726_105903_528.IDF
    9    5   10 129.7000000  37.9500000   08   02   15   00   21 129.6250000  37.8750000  OMAS_PROFILE_20200803_081802_229.IDF
    9    5   10 129.6500000  37.9833333   08   02   09   00   22 129.6250000  37.8750000  OMAS_PROFILE_20200803_084415_177.IDF
    9    5   10 129.7000000  37.9000000   08   03   20   00   23 129.6250000  37.8750000  OMAS_PROFILE_20200804_094147_130.IDF
    9    5   10 129.7333333  37.9500000   08   05   03   00   24 129.6250000  37.8750000  OMAS_PROFILE_20200805_131746_937.IDF
    9    5   10 129.6000000  37.9500000   08   04   20   00   25 129.6250000  37.8750000  OMAS_PROFILE_20200805_141838_467.IDF
    9    5   10 129.5833333  37.9833333   08   06   03   00   26 129.6250000  37.8750000  OMAS_PROFILE_20200806_083950_726.IDF
    9    5   10 129.6333333  37.9500000   08   09   03   00   27 129.6250000  37.8750000  OMAS_PROFILE_20200809_120335_517.IDF
    9    5   10 129.6166667  37.9333333   08   18   03   00   28 129.6250000  37.8750000  OMAS_PROFILE_20200818_101503_294.IDF
    9    5   10 129.7000000  37.9333333   08   17   15   00   29 129.6250000  37.8750000  OMAS_PROFILE_20200818_114759_164.IDF
    9    5   10 129.7000000  37.9833333   08   18   03   00   30 129.6250000  37.8750000  OMAS_PROFILE_20200819_095907_235.IDF
    9    5   10 129.7333333  37.9666667   08   24   20   00   31 129.6250000  37.8750000  OMAS_PROFILE_20200825_093152_959.IDF
    9    5   10 129.6666667  37.9833333   08   30   03   00   32 129.6250000  37.8750000  OMAS_PROFILE_20200830_084249_897.IDF
   10    5   11 129.5833333  38.0333333   07   02   03   00   01 129.6250000  38.1250000  OMAS_PROFILE_20200702_103145_785.IDF
   10    5   11 129.6666667  38.0666667   07   02   09   00   02 129.6250000  38.1250000  OMAS_PROFILE_20200703_094830_129.IDF
   10    5   11 129.6333333  38.0166667   07   03   15   00   03 129.6250000  38.1250000  OMAS_PROFILE_20200704_102343_739.IDF
   10    5   11 129.6833333  38.0000000   07   05   03   00   04 129.6250000  38.1250000  OMAS_PROFILE_20200705_100508_342.IDF
   10    5   11 129.6333333  38.0500000   07   04   15   00   05 129.6250000  38.1250000  OMAS_PROFILE_20200705_102458_387.IDF
   10    5   11 129.7166667  38.0166667   07   06   03   00   06 129.6250000  38.1250000  OMAS_PROFILE_20200706_084851_004.IDF
   10    5   11 129.7000000  38.0333333   07   07   20   00   07 129.6250000  38.1250000  OMAS_PROFILE_20200707_094054_819.IDF
   10    5   11 129.6833333  38.0666667   07   07   09   00   08 129.6250000  38.1250000  OMAS_PROFILE_20200708_104400_626.IDF
   10    5   11 129.6166667  38.0166667   07   07   15   00   09 129.6250000  38.1250000  OMAS_PROFILE_20200708_105550_927.IDF
   10    5   11 129.7000000  38.1833333   07   08   03   00   10 129.6250000  38.1250000  OMAS_PROFILE_20200708_113024_725.IDF
   10    5   11 129.7000000  38.0166667   07   08   20   00   11 129.6250000  38.1250000  OMAS_PROFILE_20200709_102712_698.IDF
   10    5   11 129.5833333  38.0000000   07   09   20   00   12 129.6250000  38.1250000  OMAS_PROFILE_20200710_104003_068.IDF
   10    5   11 129.5833333  38.0166667   07   09   15   00   13 129.6250000  38.1250000  OMAS_PROFILE_20200710_131354_235.IDF
   10    5   11 129.6333333  38.1333333   07   11   20   00   14 129.6250000  38.1250000  OMAS_PROFILE_20200712_093035_481.IDF
   10    5   11 129.6166667  38.0666667   07   13   03   00   15 129.6250000  38.1250000  OMAS_PROFILE_20200713_093330_840.IDF
   10    5   11 129.6666667  38.0000000   07   12   15   00   16 129.6250000  38.1250000  OMAS_PROFILE_20200713_135753_377.IDF
   10    5   11 129.7166667  38.0000000   07   12   09   00   17 129.6250000  38.1250000  OMAS_PROFILE_20200713_141531_123.IDF
   10    5   11 129.6500000  38.0166667   07   17   03   00   18 129.6250000  38.1250000  OMAS_PROFILE_20200717_084023_940.IDF
   10    5   11 129.6000000  38.0333333   07   16   15   00   19 129.6250000  38.1250000  OMAS_PROFILE_20200717_090725_930.IDF
   10    5   11 129.6500000  38.0500000   07   17   20   00   20 129.6250000  38.1250000  OMAS_PROFILE_20200718_095427_086.IDF
   10    5   11 129.7166667  38.2000000   07   17   15   00   21 129.6250000  38.1250000  OMAS_PROFILE_20200718_100236_371.IDF
   10    5   11 129.6500000  38.1333333   07   19   03   00   22 129.6250000  38.1250000  OMAS_PROFILE_20200719_085622_462.IDF
   10    5   11 129.5666667  38.0000000   07   19   20   00   23 129.6250000  38.1250000  OMAS_PROFILE_20200720_083159_618.IDF
   10    5   11 129.6666667  38.0833333   07   20   20   00   24 129.6250000  38.1250000  OMAS_PROFILE_20200721_094446_019.IDF
   10    5   11 129.7000000  38.0333333   07   22   03   00   25 129.6250000  38.1250000  OMAS_PROFILE_20200722_130521_541.IDF
   10    5   11 129.6666667  38.2000000   07   21   09   00   26 129.6250000  38.1250000  OMAS_PROFILE_20200722_144311_642.IDF
   10    5   11 129.6500000  38.0333333   07   22   15   00   27 129.6250000  38.1250000  OMAS_PROFILE_20200723_093834_810.IDF
   10    5   11 129.7333333  38.0500000   07   22   09   00   28 129.6250000  38.1250000  OMAS_PROFILE_20200723_100909_751.IDF
   10    5   11 129.6500000  38.1000000   07   23   15   00   29 129.6250000  38.1250000  OMAS_PROFILE_20200724_092237_951.IDF
   10    5   11 129.7000000  38.2333333   07   24   15   00   30 129.6250000  38.1250000  OMAS_PROFILE_20200725_124719_236.IDF
   10    5   11 129.7000000  38.1333333   07   27   03   00   31 129.6250000  38.1250000  OMAS_PROFILE_20200727_093637_047.IDF
   10    5   11 129.6166667  38.0000000   07   26   15   00   32 129.6250000  38.1250000  OMAS_PROFILE_20200727_132854_907.IDF
   10    5   11 129.6833333  38.1166667   07   27   15   00   33 129.6250000  38.1250000  OMAS_PROFILE_20200728_090524_723.IDF
   10    5   11 129.7000000  38.1500000   07   27   20   00   34 129.6250000  38.1250000  OMAS_PROFILE_20200728_091726_943.IDF
   10    5   11 129.6833333  38.0333333   07   28   09   00   35 129.6250000  38.1250000  OMAS_PROFILE_20200729_105859_443.IDF
   10    5   11 129.6000000  38.1500000   07   29   09   00   36 129.6250000  38.1250000  OMAS_PROFILE_20200730_084603_777.IDF
   10    5   11 129.7166667  38.0000000   08   02   03   00   37 129.6250000  38.1250000  OMAS_PROFILE_20200802_130419_214.IDF
   10    5   11 129.6000000  38.0333333   08   01   20   00   38 129.6250000  38.1250000  OMAS_PROFILE_20200802_131955_990.IDF
   10    5   11 129.5833333  38.0000000   08   01   15   00   39 129.6250000  38.1250000  OMAS_PROFILE_20200802_132401_519.IDF
   10    5   11 129.6333333  38.0000000   08   01   09   00   40 129.6250000  38.1250000  OMAS_PROFILE_20200802_133700_378.IDF
   10    5   11 129.6833333  38.0000000   08   02   20   00   41 129.6250000  38.1250000  OMAS_PROFILE_20200803_080938_511.IDF
   10    5   11 129.7166667  38.0666667   08   03   15   00   42 129.6250000  38.1250000  OMAS_PROFILE_20200804_095550_848.IDF
   10    5   11 129.7166667  38.0166667   08   05   20   00   43 129.6250000  38.1250000  OMAS_PROFILE_20200806_094652_832.IDF
   10    5   11 129.6666667  38.1666667   08   05   20   00   44 129.6250000  38.1250000  OMAS_PROFILE_20200806_100211_007.IDF
   10    5   11 129.5666667  38.1666667   08   07   15   00   45 129.6250000  38.1250000  OMAS_PROFILE_20200808_092923_010.IDF
   10    5   11 129.7000000  38.1166667   08   08   20   00   46 129.6250000  38.1250000  OMAS_PROFILE_20200809_121438_565.IDF
   10    5   11 129.6333333  38.0166667   08   08   15   00   47 129.6250000  38.1250000  OMAS_PROFILE_20200809_121749_334.IDF
   10    5   11 129.6166667  38.0833333   08   09   20   00   48 129.6250000  38.1250000  OMAS_PROFILE_20200810_134454_662.IDF
   10    5   11 129.7166667  38.0500000   08   11   03   00   49 129.6250000  38.1250000  OMAS_PROFILE_20200811_084939_788.IDF
   10    5   11 129.7000000  38.0166667   08   14   03   00   50 129.6250000  38.1250000  OMAS_PROFILE_20200814_093526_581.IDF
   10    5   11 129.6166667  38.0000000   08   13   15   00   51 129.6250000  38.1250000  OMAS_PROFILE_20200814_095839_466.IDF
   10    5   11 129.6666667  38.0833333   08   13   09   00   52 129.6250000  38.1250000  OMAS_PROFILE_20200814_103918_642.IDF
   10    5   11 129.7000000  38.0833333   08   17   09   00   53 129.6250000  38.1250000  OMAS_PROFILE_20200818_115210_175.IDF
   10    5   11 129.6666667  38.0000000   08   18   15   00   54 129.6250000  38.1250000  OMAS_PROFILE_20200819_103021_683.IDF
   10    5   11 129.5500000  38.0166667   08   18   09   00   55 129.6250000  38.1250000  OMAS_PROFILE_20200819_110415_440.IDF
   10    5   11 129.6833333  38.0166667   08   19   20   00   56 129.6250000  38.1250000  OMAS_PROFILE_20200820_102556_405.IDF
   10    5   11 129.7166667  38.0333333   08   20   15   00   57 129.6250000  38.1250000  OMAS_PROFILE_20200821_102906_028.IDF
   10    5   11 129.7000000  38.1000000   08   20   09   00   58 129.6250000  38.1250000  OMAS_PROFILE_20200821_112908_729.IDF
   10    5   11 129.6500000  38.0833333   08   21   09   00   59 129.6250000  38.1250000  OMAS_PROFILE_20200822_084209_315.IDF
   10    5   11 129.7333333  38.1166667   08   21   15   00   60 129.6250000  38.1250000  OMAS_PROFILE_20200822_084609_740.IDF
   10    5   11 129.5333333  38.0166667   08   22   03   00   61 129.6250000  38.1250000  OMAS_PROFILE_20200822_100411_216.IDF
   10    5   11 129.6666667  38.0500000   08   23   20   00   62 129.6250000  38.1250000  OMAS_PROFILE_20200824_104629_826.IDF
   10    5   11 129.6333333  38.0000000   08   24   09   00   63 129.6250000  38.1250000  OMAS_PROFILE_20200825_100717_471.IDF
   10    5   11 129.6666667  38.1666667   08   28   03   00   64 129.6250000  38.1250000  OMAS_PROFILE_20200828_102208_727.IDF
   10    5   11 129.7166667  38.1166667   08   28   20   00   65 129.6250000  38.1250000  OMAS_PROFILE_20200829_101144_154.IDF
   10    5   11 129.6333333  38.0166667   08   29   20   00   66 129.6250000  38.1250000  OMAS_PROFILE_20200830_084647_643.IDF
   10    5   11 129.6666667  38.0000000   08   29   15   00   67 129.6250000  38.1250000  OMAS_PROFILE_20200830_085833_202.IDF
   10    5   11 129.6000000  38.0500000   08   31   03   00   68 129.6250000  38.1250000  OMAS_PROFILE_20200831_090450_914.IDF
   10    5   11 129.7333333  38.0666667   08   31   20   00   69 129.6250000  38.1250000  OMAS_PROFILE_20200831_091450_485.IDF
   10    5   11 129.5500000  38.1166667   08   31   15   00   70 129.6250000  38.1250000  OMAS_PROFILE_20200831_092107_525.IDF
   10    5   11 129.6833333  38.1000000   08   31   09   00   71 129.6250000  38.1250000  OMAS_PROFILE_20200831_093135_820.IDF
   10    5   11 129.7333333  38.1000000   08   31   09   00   72 129.6250000  38.1250000  OMAS_PROFILE_20200901_091234_525.IDF
   11    5   12 129.6500000  38.4333333   07   04   09   00   01 129.6250000  38.3750000  OMAS_PROFILE_20200705_103626_256.IDF
   11    5   12 129.6500000  38.4666667   07   08   09   00   02 129.6250000  38.3750000  OMAS_PROFILE_20200709_103836_715.IDF
   11    5   12 129.7333333  38.2500000   07   17   20   00   03 129.6250000  38.3750000  OMAS_PROFILE_20200718_095608_732.IDF
   11    5   12 129.6500000  38.4666667   07   19   17   15   04 129.6250000  38.3750000  OMAS_PROFILE_20200720_082546_008.IDF
   11    5   12 129.6666667  38.4500000   07   25   15   00   05 129.6250000  38.3750000  OMAS_PROFILE_20200726_105059_099.IDF
   11    5   12 129.7166667  38.2500000   07   26   20   00   06 129.6250000  38.3750000  OMAS_PROFILE_20200727_102713_539.IDF
   11    5   12 129.7000000  38.3333333   07   31   03   00   07 129.6250000  38.3750000  OMAS_PROFILE_20200731_091104_511.IDF
   11    5   12 129.6166667  38.2666667   08   01   15   00   08 129.6250000  38.3750000  OMAS_PROFILE_20200802_133105_661.IDF
   11    5   12 129.5833333  38.4166667   08   07   03   00   09 129.6250000  38.3750000  OMAS_PROFILE_20200807_084534_065.IDF
   11    5   12 129.6333333  38.2500000   08   10   20   00   10 129.6250000  38.3750000  OMAS_PROFILE_20200811_090817_486.IDF
   11    5   12 129.6166667  38.3666667   08   10   09   00   11 129.6250000  38.3750000  OMAS_PROFILE_20200811_095552_096.IDF
   11    5   12 129.5333333  38.2500000   08   14   20   00   12 129.6250000  38.3750000  OMAS_PROFILE_20200813_132058_337.IDF
   11    5   12 129.6000000  38.4666667   08   18   20   00   13 129.6250000  38.3750000  OMAS_PROFILE_20200819_104101_571.IDF
   11    5   12 129.6000000  38.4000000   08   21   15   00   14 129.6250000  38.3750000  OMAS_PROFILE_20200822_091559_215.IDF
   11    5   12 129.5333333  38.3166667   08   23   11   55   15 129.6250000  38.3750000  OMAS_PROFILE_20200824_102051_412.IDF
   11    5   12 129.6500000  38.4166667   08   26   03   00   16 129.6250000  38.3750000  OMAS_PROFILE_20200826_091745_454.IDF
   12    6    7 129.9666667  37.2333333   07   08   20   00   01 129.8750000  37.1250000  OMAS_PROFILE_20200708_113535_876.IDF
   13    6   10 129.9500000  37.8333333   07   11   09   00   01 129.8750000  37.8750000  OMAS_PROFILE_20200712_100220_266.IDF
   13    6   10 129.7500000  37.9833333   07   15   20   00   02 129.8750000  37.8750000  OMAS_PROFILE_20200716_085908_082.IDF
   13    6   10 129.9666667  37.8500000   07   19   15   00   03 129.8750000  37.8750000  OMAS_PROFILE_20200720_082456_682.IDF
   13    6   10 129.8000000  37.9166667   07   20   03   00   04 129.8750000  37.8750000  OMAS_PROFILE_20200720_084637_293.IDF
   13    6   10 129.7500000  37.9666667   07   23   09   00   05 129.8750000  37.8750000  OMAS_PROFILE_20200724_100404_884.IDF
   13    6   10 129.9333333  37.8166667   07   25   03   00   06 129.8750000  37.8750000  OMAS_PROFILE_20200725_123710_040.IDF
   13    6   10 129.9833333  37.9500000   08   13   20   00   07 129.8750000  37.8750000  OMAS_PROFILE_20200814_094109_405.IDF
   13    6   10 129.8000000  37.9833333   08   17   20   00   08 129.8750000  37.8750000  OMAS_PROFILE_20200818_111506_608.IDF
   13    6   10 129.9000000  37.9500000   08   27   15   00   09 129.8750000  37.8750000  OMAS_PROFILE_20200828_103844_416.IDF
   14    6   11 129.8333333  38.1666667   07   03   03   00   01 129.8750000  38.1250000  OMAS_PROFILE_20200703_085846_331.IDF
   14    6   11 129.7666667  38.0166667   07   03   09   00   02 129.8750000  38.1250000  OMAS_PROFILE_20200704_110043_962.IDF
   14    6   11 129.7666667  38.0500000   07   04   20   00   03 129.8750000  38.1250000  OMAS_PROFILE_20200705_100928_999.IDF
   14    6   11 129.8166667  38.0666667   07   04   09   00   04 129.8750000  38.1250000  OMAS_PROFILE_20200705_103111_531.IDF
   14    6   11 129.7500000  38.0333333   07   05   09   00   05 129.8750000  38.1250000  OMAS_PROFILE_20200706_142403_477.IDF
   14    6   11 129.7500000  38.0333333   07   06   15   00   06 129.8750000  38.1250000  OMAS_PROFILE_20200707_100609_657.IDF
   14    6   11 129.7666667  38.0833333   07   07   20   00   07 129.8750000  38.1250000  OMAS_PROFILE_20200708_112035_169.IDF
   14    6   11 129.7500000  38.1833333   07   09   03   00   08 129.8750000  38.1250000  OMAS_PROFILE_20200709_095218_613.IDF
   14    6   11 129.7666667  38.1666667   07   08   15   00   09 129.8750000  38.1250000  OMAS_PROFILE_20200709_103021_816.IDF
   14    6   11 129.8833333  38.2166667   07   08   09   00   10 129.8750000  38.1250000  OMAS_PROFILE_20200709_103936_507.IDF
   14    6   11 129.8500000  38.1833333   07   09   15   00   11 129.8750000  38.1250000  OMAS_PROFILE_20200710_132129_716.IDF
   14    6   11 129.8333333  38.1166667   07   10   09   00   12 129.8750000  38.1250000  OMAS_PROFILE_20200711_090758_973.IDF
   14    6   11 129.8500000  38.2333333   07   10   15   00   13 129.8750000  38.1250000  OMAS_PROFILE_20200711_092940_993.IDF
   14    6   11 129.7666667  38.0666667   07   10   20   00   14 129.8750000  38.1250000  OMAS_PROFILE_20200711_100813_343.IDF
   14    6   11 129.7833333  38.1500000   07   12   20   00   15 129.8750000  38.1250000  OMAS_PROFILE_20200713_134620_817.IDF
   14    6   11 129.8000000  38.1166667   07   15   03   00   16 129.8750000  38.1250000  OMAS_PROFILE_20200715_084855_327.IDF
   14    6   11 129.7833333  38.1833333   07   14   09   00   17 129.8750000  38.1250000  OMAS_PROFILE_20200715_094516_265.IDF
   14    6   11 129.8166667  38.0833333   07   16   03   00   18 129.8750000  38.1250000  OMAS_PROFILE_20200716_084252_059.IDF
   14    6   11 129.8166667  38.2000000   07   15   15   00   19 129.8750000  38.1250000  OMAS_PROFILE_20200716_090750_634.IDF
   14    6   11 129.7666667  38.2000000   07   15   09   00   20 129.8750000  38.1250000  OMAS_PROFILE_20200716_091714_842.IDF
   14    6   11 129.9333333  38.0666667   07   16   09   00   21 129.8750000  38.1250000  OMAS_PROFILE_20200717_101610_437.IDF
   14    6   11 129.7833333  38.0500000   07   18   15   00   22 129.8750000  38.1250000  OMAS_PROFILE_20200719_091840_072.IDF
   14    6   11 129.9000000  38.1166667   07   19   09   00   23 129.8750000  38.1250000  OMAS_PROFILE_20200720_082017_404.IDF
   14    6   11 129.8000000  38.1500000   07   19   15   00   24 129.8750000  38.1250000  OMAS_PROFILE_20200720_082219_943.IDF
   14    6   11 129.8833333  38.0166667   07   21   03   00   25 129.8750000  38.1250000  OMAS_PROFILE_20200721_092745_970.IDF
   14    6   11 129.8166667  38.0166667   07   21   15   00   26 129.8750000  38.1250000  OMAS_PROFILE_20200722_134610_511.IDF
   14    6   11 129.8500000  38.0833333   07   23   03   00   27 129.8750000  38.1250000  OMAS_PROFILE_20200723_085656_335.IDF
   14    6   11 129.8166667  38.1166667   07   24   03   00   28 129.8750000  38.1250000  OMAS_PROFILE_20200724_090717_567.IDF
   14    6   11 129.7500000  38.1333333   07   24   20   00   29 129.8750000  38.1250000  OMAS_PROFILE_20200725_124342_649.IDF
   14    6   11 129.8166667  38.1000000   07   24   09   00   30 129.8750000  38.1250000  OMAS_PROFILE_20200725_125046_572.IDF
   14    6   11 129.8666667  38.1166667   07   25   09   00   31 129.8750000  38.1250000  OMAS_PROFILE_20200726_103222_104.IDF
   14    6   11 129.8000000  38.1166667   07   26   03   00   32 129.8750000  38.1250000  OMAS_PROFILE_20200726_110823_565.IDF
   14    6   11 129.9333333  38.2333333   07   27   09   00   33 129.8750000  38.1250000  OMAS_PROFILE_20200728_084042_080.IDF
   14    6   11 129.7666667  38.0666667   07   28   03   00   34 129.8750000  38.1250000  OMAS_PROFILE_20200728_094239_952.IDF
   14    6   11 129.7500000  38.0000000   07   29   15   00   35 129.8750000  38.1250000  OMAS_PROFILE_20200730_091442_888.IDF
   14    6   11 129.7833333  38.1166667   07   31   09   00   36 129.8750000  38.1250000  OMAS_PROFILE_20200801_102454_560.IDF
   14    6   11 129.7666667  38.0333333   08   03   03   00   37 129.8750000  38.1250000  OMAS_PROFILE_20200803_075847_258.IDF
   14    6   11 129.7500000  38.0666667   08   04   03   00   38 129.8750000  38.1250000  OMAS_PROFILE_20200804_092352_599.IDF
   14    6   11 129.8500000  38.0000000   08   03   09   00   39 129.8750000  38.1250000  OMAS_PROFILE_20200804_100009_554.IDF
   14    6   11 129.9000000  38.2166667   08   04   15   00   40 129.8750000  38.1250000  OMAS_PROFILE_20200805_142349_402.IDF
   14    6   11 129.7833333  38.1000000   08   04   09   00   41 129.8750000  38.1250000  OMAS_PROFILE_20200805_143437_860.IDF
   14    6   11 129.7833333  38.0500000   08   05   15   00   42 129.8750000  38.1250000  OMAS_PROFILE_20200806_100746_439.IDF
   14    6   11 129.8500000  38.1166667   08   05   09   00   43 129.8750000  38.1250000  OMAS_PROFILE_20200806_102712_338.IDF
   14    6   11 129.9666667  38.1500000   08   06   15   00   44 129.8750000  38.1250000  OMAS_PROFILE_20200807_094820_000.IDF
   14    6   11 129.7666667  38.0833333   08   06   09   00   45 129.8750000  38.1250000  OMAS_PROFILE_20200807_095718_661.IDF
   14    6   11 129.8333333  38.0666667   08   08   03   00   46 129.8750000  38.1250000  OMAS_PROFILE_20200808_111834_467.IDF
   14    6   11 129.9666667  38.1166667   08   10   03   00   47 129.8750000  38.1250000  OMAS_PROFILE_20200810_133519_614.IDF
   14    6   11 129.8166667  38.1833333   08   09   15   00   48 129.8750000  38.1250000  OMAS_PROFILE_20200810_141012_058.IDF
   14    6   11 129.8500000  38.1166667   08   10   15   00   49 129.8750000  38.1250000  OMAS_PROFILE_20200811_092338_607.IDF
   14    6   11 129.8500000  38.1000000   08   12   03   00   50 129.8750000  38.1250000  OMAS_PROFILE_20200812_084626_250.IDF
   14    6   11 129.7500000  38.1830556   08   11   15   00   51 129.8750000  38.1250000  OMAS_PROFILE_20200812_091332_486.IDF
   14    6   11 129.8166667  38.0830556   08   11   09   00   52 129.8750000  38.1250000  OMAS_PROFILE_20200812_091802_875.IDF
   14    6   11 129.8333333  38.2333333   08   12   15   00   53 129.8750000  38.1250000  OMAS_PROFILE_20200813_133111_542.IDF
   14    6   11 129.8000000  38.2000000   08   12   09   00   54 129.8750000  38.1250000  OMAS_PROFILE_20200813_134143_188.IDF
   14    6   11 129.8000000  38.0166667   08   19   03   00   55 129.8750000  38.1250000  OMAS_PROFILE_20200819_095041_051.IDF
   14    6   11 129.7500000  38.0833333   08   20   03   00   56 129.8750000  38.1250000  OMAS_PROFILE_20200820_095837_081.IDF
   14    6   11 129.8666667  38.0166667   08   19   15   00   57 129.8750000  38.1250000  OMAS_PROFILE_20200820_103651_458.IDF
   14    6   11 129.7500000  38.0333333   08   19   09   00   58 129.8750000  38.1250000  OMAS_PROFILE_20200820_104219_103.IDF
   14    6   11 129.8500000  38.1000000   08   21   03   00   59 129.8750000  38.1250000  OMAS_PROFILE_20200821_090830_589.IDF
   14    6   11 129.7666667  38.0833333   08   20   20   00   60 129.8750000  38.1250000  OMAS_PROFILE_20200821_100449_834.IDF
   14    6   11 129.8166667  38.2166667   08   21   20   00   61 129.8750000  38.1250000  OMAS_PROFILE_20200822_091810_880.IDF
   14    6   11 129.8666667  38.1333333   08   22   09   00   62 129.8750000  38.1250000  OMAS_PROFILE_20200823_092302_420.IDF
   14    6   11 129.9500000  38.0166667   08   24   03   00   63 129.8750000  38.1250000  OMAS_PROFILE_20200824_103238_736.IDF
   14    6   11 129.8500000  38.0500000   08   23   09   00   64 129.8750000  38.1250000  OMAS_PROFILE_20200824_112549_087.IDF
   14    6   11 129.8666667  38.0000000   08   24   15   00   65 129.8750000  38.1250000  OMAS_PROFILE_20200825_094439_538.IDF
   14    6   11 129.8500000  38.1000000   08   26   03   00   66 129.8750000  38.1250000  OMAS_PROFILE_20200826_092206_784.IDF
   14    6   11 129.8000000  38.0833333   08   27   20   00   67 129.8750000  38.1250000  OMAS_PROFILE_20200828_102650_110.IDF
   14    6   11 129.8333333  38.1000000   08   28   09   00   68 129.8750000  38.1250000  OMAS_PROFILE_20200829_094826_309.IDF
   14    6   11 129.8833333  38.1000000   08   28   15   00   69 129.8750000  38.1250000  OMAS_PROFILE_20200829_095831_336.IDF
   14    6   11 129.8000000  38.1666667   08   29   03   00   70 129.8750000  38.1250000  OMAS_PROFILE_20200829_101740_194.IDF
   14    6   11 129.7500000  38.0166667   08   29   09   00   71 129.8750000  38.1250000  OMAS_PROFILE_20200830_091120_105.IDF
   14    6   11 129.8000000  38.0000000   08   31   15   00   72 129.8750000  38.1250000  OMAS_PROFILE_20200831_092611_076.IDF
   15    6   12 129.7666667  38.2500000   07   02   15   00   01 129.8750000  38.3750000  OMAS_PROFILE_20200703_092509_567.IDF
   15    6   12 129.9333333  38.4666667   07   03   20   00   02 129.8750000  38.3750000  OMAS_PROFILE_20200704_101721_698.IDF
   15    6   12 129.7666667  38.4666667   07   05   03   00   03 129.8750000  38.3750000  OMAS_PROFILE_20200705_092411_763.IDF
   15    6   12 129.9166667  38.2500000   07   10   03   00   04 129.8750000  38.3750000  OMAS_PROFILE_20200710_093130_041.IDF
   15    6   12 129.9000000  38.4166667   07   11   15   00   05 129.8750000  38.3750000  OMAS_PROFILE_20200712_093555_890.IDF
   15    6   12 129.9500000  38.4833333   07   12   09   00   06 129.8750000  38.3750000  OMAS_PROFILE_20200713_141052_354.IDF
   15    6   12 129.9000000  38.3333333   07   14   03   00   07 129.8750000  38.3750000  OMAS_PROFILE_20200714_100333_565.IDF
   15    6   12 129.9166667  38.4833333   07   21   09   00   08 129.8750000  38.3750000  OMAS_PROFILE_20200722_143833_705.IDF
   15    6   12 129.7500000  38.4833333   07   24   20   00   09 129.8750000  38.3750000  OMAS_PROFILE_20200724_091515_376.IDF
   15    6   12 129.9666667  38.4333333   07   28   03   00   10 129.8750000  38.3750000  OMAS_PROFILE_20200728_092554_595.IDF
   15    6   12 129.7666667  38.3166667   07   29   03   00   11 129.8750000  38.3750000  OMAS_PROFILE_20200729_093117_683.IDF
   15    6   12 129.9166667  38.3333333   07   28   20   00   12 129.8750000  38.3750000  OMAS_PROFILE_20200729_093428_593.IDF
   15    6   12 129.8500000  38.2666667   07   28   15   00   13 129.8750000  38.3750000  OMAS_PROFILE_20200729_104215_413.IDF
   15    6   12 129.8666667  38.2500000   07   29   20   00   14 129.8750000  38.3750000  OMAS_PROFILE_20200730_093332_367.IDF
   15    6   12 129.7833333  38.3000000   07   30   03   00   15 129.8750000  38.3750000  OMAS_PROFILE_20200730_093603_595.IDF
   15    6   12 129.9666667  38.4666667   07   30   20   00   16 129.8750000  38.3750000  OMAS_PROFILE_20200731_092011_321.IDF
   15    6   12 129.8000000  38.3833333   07   31   20   00   17 129.8750000  38.3750000  OMAS_PROFILE_20200801_100315_359.IDF
   15    6   12 129.9666667  38.2500000   07   31   15   00   18 129.8750000  38.3750000  OMAS_PROFILE_20200801_101556_519.IDF
   15    6   12 129.9833333  38.3833333   07   31   09   00   19 129.8750000  38.3750000  OMAS_PROFILE_20200801_102641_465.IDF
   15    6   12 129.8333333  38.4833333   08   05   15   00   20 129.8750000  38.3750000  OMAS_PROFILE_20200806_102117_143.IDF
   15    6   12 129.8500000  38.3000000   08   07   09   00   21 129.8750000  38.3750000  OMAS_PROFILE_20200808_092303_672.IDF
   15    6   12 129.8500000  38.2500000   08   07   20   00   22 129.8750000  38.3750000  OMAS_PROFILE_20200808_111113_056.IDF
   15    6   12 129.8166667  38.3333333   08   08   20   00   23 129.8750000  38.3750000  OMAS_PROFILE_20200809_121038_740.IDF
   15    6   12 129.9166667  38.3333333   08   08   09   00   24 129.8750000  38.3750000  OMAS_PROFILE_20200809_124714_358.IDF
   15    6   12 129.8500000  38.3666667   08   09   09   00   25 129.8750000  38.3750000  OMAS_PROFILE_20200810_141726_744.IDF
   15    6   12 129.8000000  38.2833333   08   11   20   00   26 129.8750000  38.3750000  OMAS_PROFILE_20200812_090006_501.IDF
   15    6   12 129.9833333  38.3500000   08   13   03   00   27 129.8750000  38.3750000  OMAS_PROFILE_20200813_094036_511.IDF
   15    6   12 129.9500000  38.4500000   08   12   20   00   28 129.8750000  38.3750000  OMAS_PROFILE_20200813_131049_241.IDF
   15    6   12 129.8500000  38.4333333   08   21   03   00   29 129.8750000  38.3750000  OMAS_PROFILE_20200821_091646_296.IDF
   16    7    8 130.1833333  37.2500000   07   08   03   00   01 130.1250000  37.3750000  OMAS_PROFILE_20200708_113131_796.IDF
   16    7    8 130.1500000  37.2833333   07   08   01   00   02 130.1250000  37.3750000  OMAS_PROFILE_20200708_113649_512.IDF
   16    7    8 130.1500000  37.2500000   07   08   05   40   03 130.1250000  37.3750000  OMAS_PROFILE_20200708_113854_780.IDF
   17    7   10 130.0333333  37.8166667   07   01   20   00   01 130.1250000  37.8750000  OMAS_PROFILE_20200702_101718_106.IDF
   17    7   10 130.0166667  37.9166667   07   11   03   00   02 130.1250000  37.8750000  OMAS_PROFILE_20200711_101431_032.IDF
   17    7   10 130.2000000  37.8000000   08   01   03   00   03 130.1250000  37.8750000  OMAS_PROFILE_20200801_095157_286.IDF
   17    7   10 130.0666667  37.8333333   08   07   03   00   04 130.1250000  37.8750000  OMAS_PROFILE_20200807_084404_714.IDF
   17    7   10 130.0000000  37.8833333   08   07   03   00   05 130.1250000  37.8750000  OMAS_PROFILE_20200807_093523_299.IDF
   17    7   10 130.2333333  37.9500000   08   23   15   00   06 130.1250000  37.8750000  OMAS_PROFILE_20200824_111712_567.IDF
   18    7   11 130.1833333  38.1500000   07   01   15   00   01 130.1250000  38.1250000  OMAS_PROFILE_20200702_090839_631.IDF
   18    7   11 130.2333333  38.0000000   07   04   15   00   02 130.1250000  38.1250000  OMAS_PROFILE_20200706_113344_176.IDF
   18    7   11 130.0166667  38.1166667   07   13   09   00   03 130.1250000  38.1250000  OMAS_PROFILE_20200714_093205_212.IDF
   18    7   11 130.1500000  38.0833333   07   21   15   00   04 130.1250000  38.1250000  OMAS_PROFILE_20200722_141831_112.IDF
   18    7   11 130.0833333  38.0166667   07   22   13   50   05 130.1250000  38.1250000  OMAS_PROFILE_20200723_095213_959.IDF
   18    7   11 130.0500000  38.2000000   07   30   20   00   06 130.1250000  38.1250000  OMAS_PROFILE_20200731_091804_680.IDF
   18    7   11 130.0666667  38.1333333   07   30   15   00   07 130.1250000  38.1250000  OMAS_PROFILE_20200731_105456_470.IDF
   18    7   11 130.0166667  38.1500000   07   30   09   00   08 130.1250000  38.1250000  OMAS_PROFILE_20200731_132752_421.IDF
   18    7   11 130.0000000  38.0333333   08   10   09   00   09 130.1250000  38.1250000  OMAS_PROFILE_20200811_095835_352.IDF
   18    7   11 130.0166667  38.0833333   08   22   20   00   10 130.1250000  38.1250000  OMAS_PROFILE_20200823_083420_002.IDF
   18    7   11 130.0333333  38.1333333   08   22   15   00   11 130.1250000  38.1250000  OMAS_PROFILE_20200823_085207_876.IDF
   18    7   11 130.0000000  38.0333333   08   25   03   00   12 130.1250000  38.1250000  OMAS_PROFILE_20200825_090817_911.IDF
   18    7   11 130.1166667  38.2000000   08   25   20   00   13 130.1250000  38.1250000  OMAS_PROFILE_20200826_093123_931.IDF
   18    7   11 130.0000000  38.0333333   08   25   09   00   14 130.1250000  38.1250000  OMAS_PROFILE_20200826_094759_043.IDF
   18    7   11 130.0166667  38.2000000   08   26   09   00   15 130.1250000  38.1250000  OMAS_PROFILE_20200827_094536_386.IDF
   18    7   11 130.0500000  38.0833333   08   31   20   00   16 130.1250000  38.1250000  OMAS_PROFILE_20200831_091147_846.IDF
   19    7   12 130.1333333  38.4333333   07   02   20   00   01 130.1250000  38.3750000  OMAS_PROFILE_20200703_091509_756.IDF
   19    7   12 130.1500000  38.4833333   07   05   15   00   02 130.1250000  38.3750000  OMAS_PROFILE_20200706_133159_585.IDF
   19    7   12 130.0833333  38.4166667   07   09   03   00   03 130.1250000  38.3750000  OMAS_PROFILE_20200709_092132_329.IDF
   19    7   12 130.0000000  38.4500000   07   10   15   00   04 130.1250000  38.3750000  OMAS_PROFILE_20200711_092830_133.IDF
   19    7   12 130.0333333  38.4833333   07   12   03   00   05 130.1250000  38.3750000  OMAS_PROFILE_20200712_085950_147.IDF
   19    7   12 130.1000000  38.2833333   07   11   20   00   06 130.1250000  38.3750000  OMAS_PROFILE_20200712_092456_832.IDF
   19    7   12 130.1166667  38.3500000   07   13   20   00   07 130.1250000  38.3750000  OMAS_PROFILE_20200714_095627_833.IDF
   19    7   12 130.0500000  38.3833333   07   14   20   00   08 130.1250000  38.3750000  OMAS_PROFILE_20200715_091533_447.IDF
   19    7   12 130.1833333  38.4000000   07   17   15   00   09 130.1250000  38.3750000  OMAS_PROFILE_20200718_095817_757.IDF
   19    7   12 130.0666667  38.4833333   07   18   20   00   10 130.1250000  38.3750000  OMAS_PROFILE_20200719_090730_279.IDF
   19    7   12 130.1333333  38.4333333   07   20   20   00   11 130.1250000  38.3750000  OMAS_PROFILE_20200721_094642_873.IDF
   19    7   12 130.0500000  38.4000000   07   22   20   00   12 130.1250000  38.3750000  OMAS_PROFILE_20200723_090801_843.IDF
   19    7   12 130.1166667  38.2500000   07   22   15   00   13 130.1250000  38.3750000  OMAS_PROFILE_20200723_093602_600.IDF
   19    7   12 130.2333333  38.3833333   07   25   15   00   14 130.1250000  38.3750000  OMAS_PROFILE_20200726_105403_323.IDF
   19    7   12 130.0166667  38.3833333   07   26   09   00   15 130.1250000  38.3750000  OMAS_PROFILE_20200727_134008_705.IDF
   19    7   12 130.2333333  38.4500000   07   29   03   00   16 130.1250000  38.3750000  OMAS_PROFILE_20200729_093225_898.IDF
   19    7   12 130.0500000  38.2666667   07   29   15   00   17 130.1250000  38.3750000  OMAS_PROFILE_20200730_091049_979.IDF
   19    7   12 130.0833333  38.4333333   08   01   03   00   18 130.1250000  38.3750000  OMAS_PROFILE_20200801_095315_503.IDF
   19    7   12 130.1500000  38.3666667   08   03   03   00   19 130.1250000  38.3750000  OMAS_PROFILE_20200803_080145_256.IDF
   19    7   12 130.2000000  38.3833333   08   04   03   00   20 130.1250000  38.3750000  OMAS_PROFILE_20200804_093443_223.IDF
   19    7   12 130.1666667  38.4666667   08   03   09   00   21 130.1250000  38.3750000  OMAS_PROFILE_20200804_100127_893.IDF
   19    7   12 130.1000000  38.4500000   08   04   15   00   22 130.1250000  38.3750000  OMAS_PROFILE_20200805_142948_356.IDF
   19    7   12 130.1333333  38.3666667   08   08   03   00   23 130.1250000  38.3750000  OMAS_PROFILE_20200808_111747_182.IDF
   19    7   12 130.0833333  38.4000000   08   12   03   00   24 130.1250000  38.3750000  OMAS_PROFILE_20200812_084438_590.IDF
   19    7   12 130.1000000  38.4833333   08   12   09   00   25 130.1250000  38.3750000  OMAS_PROFILE_20200813_133838_933.IDF
   19    7   12 130.1500000  38.4166667   08   25   03   00   26 130.1250000  38.3750000  OMAS_PROFILE_20200825_090446_694.IDF
   19    7   12 130.2000000  38.2833333   08   26   15   00   27 130.1250000  38.3750000  OMAS_PROFILE_20200827_093910_771.IDF
   19    7   12 130.0500000  38.4166667   08   30   03   00   28 130.1250000  38.3750000  OMAS_PROFILE_20200830_084049_310.IDF
   19    7   12 130.0000000  38.3166667   08   31   20   00   29 130.1250000  38.3750000  OMAS_PROFILE_20200901_083340_897.IDF
   19    7   12 130.2333333  38.4166667   08   31   15   00   30 130.1250000  38.3750000  OMAS_PROFILE_20200901_090019_292.IDF
   19    7   12 130.2333333  38.3333333   08   31   09   00   31 130.1250000  38.3750000  OMAS_PROFILE_20200901_091934_637.IDF
   19    7   12 130.0000000  38.3166667   08   31   20   00   32 130.1250000  38.3750000  OMAS_PROFILE_20200902_091330_012.IDF
   20    8    8 130.3833333  37.3666667   07   07   20   00   01 130.3750000  37.3750000  OMAS_PROFILE_20200708_112207_877.IDF
   21    8   10 130.3666667  37.8500000   07   01   03   00   01 130.3750000  37.8750000  OMAS_PROFILE_20200701_094451_107.IDF
   21    8   10 130.4833333  37.8000000   07   16   03   00   02 130.3750000  37.8750000  OMAS_PROFILE_20200717_093340_424.IDF
   22    8   11 130.4000000  38.1666667   08   27   03   00   01 130.3750000  38.1250000  OMAS_PROFILE_20200827_093453_890.IDF
   22    8   11 130.2500000  38.0166667   08   26   08   00   02 130.3750000  38.1250000  OMAS_PROFILE_20200827_095710_449.IDF
   22    8   11 130.4333333  38.2333333   08   28   20   00   03 130.3750000  38.1250000  OMAS_PROFILE_20200829_101013_533.IDF
   23    8   12 130.4166667  38.4500000   07   13   09   00   01 130.3750000  38.3750000  OMAS_PROFILE_20200714_093114_109.IDF
   23    8   12 130.2500000  38.4333333   07   19   20   00   02 130.3750000  38.3750000  OMAS_PROFILE_20200720_082751_610.IDF
   23    8   12 130.3833333  38.3500000   07   20   03   00   03 130.3750000  38.3750000  OMAS_PROFILE_20200720_085015_162.IDF
   23    8   12 130.2833333  38.3833333   07   20   09   00   04 130.3750000  38.3750000  OMAS_PROFILE_20200721_102904_952.IDF
   23    8   12 130.3000000  38.4666667   07   21   15   00   05 130.3750000  38.3750000  OMAS_PROFILE_20200722_135246_447.IDF
   23    8   12 130.4500000  38.4500000   07   26   15   00   06 130.3750000  38.3750000  OMAS_PROFILE_20200727_132808_563.IDF
   23    8   12 130.3833333  38.4500000   07   29   09   00   07 130.3750000  38.3750000  OMAS_PROFILE_20200730_084327_732.IDF
   23    8   12 130.2833333  38.4833333   07   30   09   00   08 130.3750000  38.3750000  OMAS_PROFILE_20200731_132631_983.IDF
   23    8   12 130.3333333  38.4000000   07   31   15   00   09 130.3750000  38.3750000  OMAS_PROFILE_20200801_101753_089.IDF
   23    8   12 130.3666667  38.4333333   08   01   09   00   10 130.3750000  38.3750000  OMAS_PROFILE_20200802_133837_393.IDF
   23    8   12 130.4000000  38.4666667   08   05   03   00   11 130.3750000  38.3750000  OMAS_PROFILE_20200805_131319_488.IDF
   23    8   12 130.2666667  38.3333333   08   07   09   00   12 130.3750000  38.3750000  OMAS_PROFILE_20200808_092551_789.IDF
   23    8   12 130.2833333  38.3666667   08   09   03   00   13 130.3750000  38.3750000  OMAS_PROFILE_20200809_120450_030.IDF
   23    8   12 130.2833333  38.3666667   08   09   09   00   14 130.3750000  38.3750000  OMAS_PROFILE_20200810_142037_561.IDF
   23    8   12 130.4666667  38.3666667   08   13   15   00   15 130.3750000  38.3750000  OMAS_PROFILE_20200814_095743_707.IDF
   23    8   12 130.2500000  38.4166667   08   18   03   00   16 130.3750000  38.3750000  OMAS_PROFILE_20200818_101749_338.IDF
   23    8   12 130.2833333  38.4166667   08   22   15   00   17 130.3750000  38.3750000  OMAS_PROFILE_20200823_085526_668.IDF
   23    8   12 130.3000000  38.3500000   08   23   20   00   18 130.3750000  38.3750000  OMAS_PROFILE_20200824_105109_045.IDF
   23    8   12 130.4166667  38.4666667   08   23   09   00   19 130.3750000  38.3750000  OMAS_PROFILE_20200824_112250_481.IDF
   23    8   12 130.3833333  38.2666667   08   26   20   00   20 130.3750000  38.3750000  OMAS_PROFILE_20200827_093706_911.IDF
   23    8   12 130.3500000  38.4666667   08   28   09   00   21 130.3750000  38.3750000  OMAS_PROFILE_20200829_094951_927.IDF
   23    8   12 130.4666667  38.4833333   08   31   03   00   22 130.3750000  38.3750000  OMAS_PROFILE_20200831_090319_737.IDF
   23    8   12 130.4666667  38.4666667   08   31   09   00   23 130.3750000  38.3750000  OMAS_PROFILE_20200831_093246_320.IDF
   24    9    8 130.7333333  37.2500000   08   22   03   00   01 130.6250000  37.3750000  OMAS_PROFILE_20200822_100635_617.IDF
   25    9    9 130.5000000  37.6000000   07   01   09   00   01 130.6250000  37.6250000  OMAS_PROFILE_20200702_090734_495.IDF
   26    9   10 130.6666667  37.9333333   07   07   09   00   01 130.6250000  37.8750000  OMAS_PROFILE_20200708_112334_036.IDF
   26    9   10 130.7333333  37.9833333   07   13   09   00   02 130.6250000  37.8750000  OMAS_PROFILE_20200714_095253_106.IDF
   26    9   10 130.5166667  37.7833333   07   20   15   00   03 130.6250000  37.8750000  OMAS_PROFILE_20200721_092943_208.IDF
   27    9   11 130.5000000  38.1000000   07   07   22   30   01 130.6250000  38.1250000  OMAS_PROFILE_20200707_093836_403.IDF
   27    9   11 130.6500000  38.0833333   07   12   03   00   02 130.6250000  38.1250000  OMAS_PROFILE_20200714_095152_695.IDF
   27    9   11 130.6666667  38.0500000   07   18   15   00   03 130.6250000  38.1250000  OMAS_PROFILE_20200719_091436_006.IDF
   27    9   11 130.5500000  38.1833333   08   25   15   00   04 130.6250000  38.1250000  OMAS_PROFILE_20200826_093510_709.IDF
   28    9   12 130.5500000  38.4000000   07   15   15   00   01 130.6250000  38.3750000  OMAS_PROFILE_20200716_090653_178.IDF
   28    9   12 130.7166667  38.4833333   07   16   09   00   02 130.6250000  38.3750000  OMAS_PROFILE_20200717_093532_163.IDF
   28    9   12 130.5666667  38.4166667   07   17   09   00   03 130.6250000  38.3750000  OMAS_PROFILE_20200718_104246_689.IDF
   28    9   12 130.5333333  38.4333333   07   21   20   00   04 130.6250000  38.3750000  OMAS_PROFILE_20200722_132250_399.IDF
   28    9   12 130.5500000  38.3333333   07   22   09   00   05 130.6250000  38.3750000  OMAS_PROFILE_20200723_101021_729.IDF
   28    9   12 130.7333333  38.4500000   07   27   09   00   06 130.6250000  38.3750000  OMAS_PROFILE_20200728_084743_173.IDF
   28    9   12 130.5000000  38.4333333   08   03   15   00   07 130.6250000  38.3750000  OMAS_PROFILE_20200804_095253_720.IDF
   28    9   12 130.6666667  38.4500000   08   08   09   00   08 130.6250000  38.3750000  OMAS_PROFILE_20200809_124628_806.IDF
   28    9   12 130.6000000  38.4500000   08   09   20   00   09 130.6250000  38.3750000  OMAS_PROFILE_20200810_134618_406.IDF
   28    9   12 130.5833333  38.4000000   08   09   15   00   10 130.6250000  38.3750000  OMAS_PROFILE_20200810_140538_664.IDF
   28    9   12 130.6833333  38.4166667   08   18   09   00   11 130.6250000  38.3750000  OMAS_PROFILE_20200819_110903_825.IDF
   28    9   12 130.5166667  38.3333333   08   19   15   00   12 130.6250000  38.3750000  OMAS_PROFILE_20200820_103909_247.IDF
   28    9   12 130.6000000  38.3666667   08   22   03   00   13 130.6250000  38.3750000  OMAS_PROFILE_20200822_100532_493.IDF
   28    9   12 130.5000000  38.4166667   08   24   09   00   14 130.6250000  38.3750000  OMAS_PROFILE_20200825_100128_199.IDF
   28    9   12 130.6666667  38.3333333   08   25   15   00   15 130.6250000  38.3750000  OMAS_PROFILE_20200826_093739_251.IDF
   28    9   12 130.5166667  38.4500000   08   25   09   00   16 130.6250000  38.3750000  OMAS_PROFILE_20200826_093957_056.IDF
   28    9   12 130.7000000  38.4500000   08   26   09   00   17 130.6250000  38.3750000  OMAS_PROFILE_20200827_094358_523.IDF
   29   10    5 130.7833333  36.6333333   08   13   20   00   01 130.8750000  36.6250000  OMAS_PROFILE_20200814_093942_795.IDF
   30   10    7 130.8833333  37.2333333   07   07   06   20   01 130.8750000  37.1250000  OMAS_PROFILE_20200707_091619_697.IDF
   31   10   10 130.8166667  37.9166667   07   03   20   00   01 130.8750000  37.8750000  OMAS_PROFILE_20200704_095340_847.IDF
   31   10   10 130.9333333  37.9500000   07   04   09   00   02 130.8750000  37.8750000  OMAS_PROFILE_20200706_113235_808.IDF
   31   10   10 130.8833333  37.9333333   07   07   09   00   03 130.8750000  37.8750000  OMAS_PROFILE_20200709_100601_520.IDF
   31   10   10 130.8333333  37.9500000   07   09   03   00   04 130.8750000  37.8750000  OMAS_PROFILE_20200711_094108_850.IDF
   31   10   10 130.9500000  37.9333333   07   10   09   00   05 130.8750000  37.8750000  OMAS_PROFILE_20200712_093247_789.IDF
   31   10   10 130.7666667  37.9666667   07   10   15   00   06 130.8750000  37.8750000  OMAS_PROFILE_20200712_093411_035.IDF
   31   10   10 130.8333333  37.9000000   08   21   20   00   07 130.8750000  37.8750000  OMAS_PROFILE_20200822_092025_448.IDF
   32   10   11 130.7666667  38.0166667   07   04   03   00   01 130.8750000  38.1250000  OMAS_PROFILE_20200706_113112_865.IDF
   32   10   11 130.8000000  38.1833333   07   04   20   00   02 130.8750000  38.1250000  OMAS_PROFILE_20200706_113438_091.IDF
   32   10   11 130.9000000  38.0166667   07   07   15   00   03 130.8750000  38.1250000  OMAS_PROFILE_20200709_100739_949.IDF
   32   10   11 130.9166667  38.1333333   07   10   09   00   04 130.8750000  38.1250000  OMAS_PROFILE_20200711_094630_080.IDF
   32   10   11 130.9833333  38.1666667   07   13   15   00   05 130.8750000  38.1250000  OMAS_PROFILE_20200714_095402_825.IDF
   32   10   11 130.9833333  38.2333333   07   13   20   00   06 130.8750000  38.1250000  OMAS_PROFILE_20200714_095510_450.IDF
   33   10   12 130.9000000  38.3500000   07   03   15   30   01 130.8750000  38.3750000  OMAS_PROFILE_20200704_094641_084.IDF
   33   10   12 130.9833333  38.2833333   07   13   20   00   02 130.8750000  38.3750000  OMAS_PROFILE_20200715_092403_419.IDF
   33   10   12 130.8000000  38.4666667   07   16   15   00   03 130.8750000  38.3750000  OMAS_PROFILE_20200717_092425_657.IDF
   33   10   12 130.7833333  38.3500000   07   18   03   00   04 130.8750000  38.3750000  OMAS_PROFILE_20200718_085332_522.IDF
   33   10   12 130.8166667  38.3833333   07   19   03   00   05 130.8750000  38.3750000  OMAS_PROFILE_20200719_085742_008.IDF
   33   10   12 130.7833333  38.4333333   07   18   15   00   06 130.8750000  38.3750000  OMAS_PROFILE_20200719_091246_593.IDF
   33   10   12 130.7666667  38.4333333   07   23   09   00   07 130.8750000  38.3750000  OMAS_PROFILE_20200724_094309_286.IDF
   33   10   12 130.7666667  38.3166667   08   07   15   00   08 130.8750000  38.3750000  OMAS_PROFILE_20200808_092808_773.IDF
   33   10   12 130.8666667  38.4000000   08   17   15   00   09 130.8750000  38.3750000  OMAS_PROFILE_20200818_114948_570.IDF
   33   10   12 130.8000000  38.4166667   08   20   15   00   10 130.8750000  38.3750000  OMAS_PROFILE_20200821_102340_269.IDF
   33   10   12 130.8333333  38.4166667   08   21   09   00   11 130.8750000  38.3750000  OMAS_PROFILE_20200822_083804_102.IDF
   33   10   12 130.8000000  38.4333333   08   29   09   00   12 130.8750000  38.3750000  OMAS_PROFILE_20200830_090938_800.IDF
   34   11    7 131.1000000  37.2333333   07   07   06   20   01 131.1250000  37.1250000  OMAS_PROFILE_20200707_092113_080.IDF
   34   11    7 131.1000000  37.2333333   07   07   03   00   02 131.1250000  37.1250000  OMAS_PROFILE_20200707_092554_906.IDF
   34   11    7 131.0666667  37.0000000   07   07   15   00   03 131.1250000  37.1250000  OMAS_PROFILE_20200708_110334_537.IDF
   35   11   10 131.0833333  37.9833333   07   05   03   00   01 131.1250000  37.8750000  OMAS_PROFILE_20200705_100659_638.IDF
   35   11   10 131.0166667  37.9666667   07   07   03   00   02 131.1250000  37.8750000  OMAS_PROFILE_20200709_100451_123.IDF
   35   11   10 131.0166667  37.9333333   07   10   03   00   03 131.1250000  37.8750000  OMAS_PROFILE_20200712_093126_836.IDF
   36   11   11 131.1000000  38.1666667   07   07   09   00   01 131.1250000  38.1250000  OMAS_PROFILE_20200708_112502_062.IDF
   36   11   11 131.1833333  38.1333333   07   07   20   00   02 131.1250000  38.1250000  OMAS_PROFILE_20200709_100944_989.IDF
   36   11   11 131.1000000  38.0166667   07   10   20   00   03 131.1250000  38.1250000  OMAS_PROFILE_20200711_094918_295.IDF
   36   11   11 131.0333333  38.0333333   07   13   03   00   04 131.1250000  38.1250000  OMAS_PROFILE_20200715_092050_397.IDF
   36   11   11 131.1500000  38.0166667   07   13   09   00   05 131.1250000  38.1250000  OMAS_PROFILE_20200715_092152_400.IDF
   36   11   11 131.1333333  38.1833333   07   13   15   00   06 131.1250000  38.1250000  OMAS_PROFILE_20200715_092305_385.IDF
   37   11   12 131.1666667  38.4166667   07   02   15   00   01 131.1250000  38.3750000  OMAS_PROFILE_20200703_092149_372.IDF
   37   11   12 131.0833333  38.3500000   07   09   20   00   02 131.1250000  38.3750000  OMAS_PROFILE_20200710_104259_989.IDF
   38   12   12 131.2666667  38.3333333   07   07   20   00   01 131.3750000  38.3750000  OMAS_PROFILE_20200708_112715_791.IDF
   38   12   12 131.2666667  38.3666667   08   19   20   00   02 131.3750000  38.3750000  OMAS_PROFILE_20200820_102511_128.IDF
   38   12   12 131.4833333  38.4500000   08   21   03   00   03 131.3750000  38.3750000  OMAS_PROFILE_20200821_095628_667.IDF
   39   13    5 131.6333333  36.6666667   07   19   09   00   01 131.6250000  36.6250000  OMAS_PROFILE_20200720_081912_935.IDF
   40   13   10 131.6166667  37.9000000   07   20   20   00   01 131.6250000  37.8750000  OMAS_PROFILE_20200721_093200_796.IDF
   41   13   12 131.5666667  38.4500000   08   03   03   00   01 131.6250000  38.3750000  OMAS_PROFILE_20200803_080520_582.IDF
   41   13   12 131.5000000  38.4166667   08   26   03   00   02 131.6250000  38.3750000  OMAS_PROFILE_20200826_092502_683.IDF
   42   14    7 131.8833333  37.2333333   08   13   09   00   01 131.8750000  37.1250000  OMAS_PROFILE_20200814_101438_005.IDF
   43   14    9 131.7833333  37.5000000   07   21   03   00   01 131.8750000  37.6250000  OMAS_PROFILE_20200721_093325_641.IDF
   44   14   12 131.8000000  38.4833333   08   01   03   00   01 131.8750000  38.3750000  OMAS_PROFILE_20200801_095502_312.IDF
   44   14   12 131.8000000  38.4833333   07   31   20   00   02 131.8750000  38.3750000  OMAS_PROFILE_20200801_095701_566.IDF
   45   15   12 132.0666667  38.3333333   07   18   20   00   01 132.1250000  38.3750000  OMAS_PROFILE_20200719_090926_014.IDF
   45   15   12 132.0666667  38.4666667   07   29   03   00   02 132.1250000  38.3750000  OMAS_PROFILE_20200729_092402_353.IDF
   45   15   12 132.0333333  38.4833333   08   04   03   00   03 132.1250000  38.3750000  OMAS_PROFILE_20200804_092034_211.IDF
   45   15   12 132.1500000  38.3833333   08   12   03   00   04 132.1250000  38.3750000  OMAS_PROFILE_20200812_083045_448.IDF
   45   15   12 132.0666667  38.4333333   08   18   03   00   05 132.1250000  38.3750000  OMAS_PROFILE_20200818_102148_778.IDF
   45   15   12 132.1000000  38.4666667   08   30   03   00   06 132.1250000  38.3750000  OMAS_PROFILE_20200830_083607_327.IDF
   46   17   12 132.5333333  38.4666667   08   19   15   00   01 132.6250000  38.3750000  OMAS_PROFILE_20200820_102702_160.IDF
   47   18   12 132.7666667  38.4666667   08   04   09   00   01 132.8750000  38.3750000  OMAS_PROFILE_20200805_143812_006.IDF
