Order    i    j         lon         lat   mm   dd   hh   mi  num        glon        glat                         XBT_File_Name
    1    1   12 128.7166667  38.4000000   08   11   03   00   01 128.6250000  38.3750000  OMAS_PROFILE_20200122_085030_163.IDF
    1    1   12 128.6666667  38.4166667   08   10   15   00   02 128.6250000  38.3750000  OMAS_PROFILE_20200122_085503_735.IDF
    1    1   12 128.7333333  38.4833333   08   12   09   00   03 128.6250000  38.3750000  OMAS_PROFILE_20200123_093014_529.IDF
    2    2   11 128.8833333  38.2166667   07   04   20   00   01 128.8750000  38.1250000  OMAS_PROFILE_20200103_085610_243.IDF
    2    2   11 128.8333333  38.2166667   07   11   09   00   02 128.8750000  38.1250000  OMAS_PROFILE_20200108_084924_228.IDF
    2    2   11 128.7500000  38.2333333   07   24   15   00   03 128.8750000  38.1250000  OMAS_PROFILE_20200115_085021_227.IDF
    2    2   11 128.8000000  38.1666667   08   06   15   00   04 128.8750000  38.1250000  OMAS_PROFILE_20200121_100539_371.IDF
    2    2   11 128.8166667  38.2000000   08   06   09   00   05 128.8750000  38.1250000  OMAS_PROFILE_20200121_100713_538.IDF
    3    2   12 128.8000000  38.3500000   07   02   03   00   01 128.8750000  38.3750000  OMAS_PROFILE_20200101_093807_844.IDF
    3    2   12 128.9333333  38.4166667   07   02   20   00   02 128.8750000  38.3750000  OMAS_PROFILE_20200101_094436_878.IDF
    3    2   12 128.8833333  38.4833333   07   04   03   00   03 128.8750000  38.3750000  OMAS_PROFILE_20200102_103358_136.IDF
    3    2   12 128.8333333  38.4833333   07   03   20   00   04 128.8750000  38.3750000  OMAS_PROFILE_20200102_104547_021.IDF
    3    2   12 128.8333333  38.4500000   07   04   09   00   05 128.8750000  38.3750000  OMAS_PROFILE_20200103_090135_731.IDF
    3    2   12 128.9666667  38.3666667   07   10   15   00   06 128.8750000  38.3750000  OMAS_PROFILE_20200107_092816_842.IDF
    3    2   12 128.8833333  38.4000000   07   12   03   00   07 128.8750000  38.3750000  OMAS_PROFILE_20200108_082843_602.IDF
    3    2   12 128.8666667  38.3666667   07   12   15   00   08 128.8750000  38.3750000  OMAS_PROFILE_20200109_085229_352.IDF
    3    2   12 128.8833333  38.4000000   07   12   09   00   09 128.8750000  38.3750000  OMAS_PROFILE_20200110_090315_895.IDF
    3    2   12 128.8500000  38.4500000   07   13   20   00   10 128.8750000  38.3750000  OMAS_PROFILE_20200110_091621_774.IDF
    3    2   12 128.8666667  38.4500000   07   16   15   00   11 128.8750000  38.3750000  OMAS_PROFILE_20200111_103515_076.IDF
    3    2   12 128.8833333  38.4166667   07   18   03   00   12 128.8750000  38.3750000  OMAS_PROFILE_20200112_054907_831.IDF
    3    2   12 128.9833333  38.3333333   07   18   20   00   13 128.8750000  38.3750000  OMAS_PROFILE_20200112_060104_301.IDF
    3    2   12 128.9166667  38.3166667   07   21   03   00   14 128.8750000  38.3750000  OMAS_PROFILE_20200113_090304_166.IDF
    3    2   12 128.8333333  38.4500000   07   23   03   00   15 128.8750000  38.3750000  OMAS_PROFILE_20200114_091453_675.IDF
    3    2   12 128.8333333  38.4500000   07   23   03   00   16 128.8750000  38.3750000  OMAS_PROFILE_20200114_091713_070.IDF
    3    2   12 128.9166667  38.4333333   07   23   15   00   17 128.8750000  38.3750000  OMAS_PROFILE_20200114_094448_722.IDF
    3    2   12 128.8166667  38.3833333   07   26   03   00   18 128.8750000  38.3750000  OMAS_PROFILE_20200115_090312_417.IDF
    3    2   12 128.8000000  38.3000000   07   26   20   00   19 128.8750000  38.3750000  OMAS_PROFILE_20200115_090749_063.IDF
    3    2   12 128.8166667  38.3500000   07   26   15   00   20 128.8750000  38.3750000  OMAS_PROFILE_20200116_100817_573.IDF
    3    2   12 128.9333333  38.4666667   07   28   15   00   21 128.8750000  38.3750000  OMAS_PROFILE_20200116_102447_690.IDF
    3    2   12 128.9166667  38.4333333   07   29   20   00   22 128.8750000  38.3750000  OMAS_PROFILE_20200117_084555_963.IDF
    3    2   12 128.9166667  38.4666667   07   30   15   00   23 128.8750000  38.3750000  OMAS_PROFILE_20200117_091721_353.IDF
    3    2   12 128.7666667  38.4666667   07   31   15   00   24 128.8750000  38.3750000  OMAS_PROFILE_20200118_084523_024.IDF
    3    2   12 128.7666667  38.4666667   07   31   09   00   25 128.8750000  38.3750000  OMAS_PROFILE_20200118_085134_753.IDF
    3    2   12 128.9333333  38.4500000   08   02   03   00   26 128.8750000  38.3750000  OMAS_PROFILE_20200118_085505_470.IDF
    3    2   12 128.8000000  38.4333333   08   01   09   00   27 128.8750000  38.3750000  OMAS_PROFILE_20200118_091017_778.IDF
    3    2   12 128.8000000  38.4166667   08   03   15   00   28 128.8750000  38.3750000  OMAS_PROFILE_20200119_101745_684.IDF
    3    2   12 128.9833333  38.2500000   08   06   20   00   29 128.8750000  38.3750000  OMAS_PROFILE_20200121_100456_314.IDF
    3    2   12 128.8000000  38.4166667   08   07   20   00   30 128.8750000  38.3750000  OMAS_PROFILE_20200121_101449_099.IDF
    3    2   12 128.8500000  38.4000000   08   09   20   00   31 128.8750000  38.3750000  OMAS_PROFILE_20200122_084423_389.IDF
    3    2   12 128.8166667  38.4500000   08   09   15   00   32 128.8750000  38.3750000  OMAS_PROFILE_20200122_084639_069.IDF
    3    2   12 128.8833333  38.4833333   08   09   09   00   33 128.8750000  38.3750000  OMAS_PROFILE_20200122_084752_679.IDF
    3    2   12 128.8166667  38.3000000   08   10   20   00   34 128.8750000  38.3750000  OMAS_PROFILE_20200122_085127_477.IDF
    3    2   12 128.8500000  38.4000000   08   10   09   00   35 128.8750000  38.3750000  OMAS_PROFILE_20200122_085628_510.IDF
    3    2   12 128.8833333  38.4997222   08   11   15   00   36 128.8750000  38.3750000  OMAS_PROFILE_20200123_084515_725.IDF
    3    2   12 128.9166667  38.4333333   08   12   15   00   37 128.8750000  38.3750000  OMAS_PROFILE_20200123_092248_695.IDF
    3    2   12 128.9833333  38.3666667   08   14   03   00   38 128.8750000  38.3750000  OMAS_PROFILE_20200123_093201_896.IDF
    3    2   12 128.8500000  38.4666667   08   13   20   00   39 128.8750000  38.3750000  OMAS_PROFILE_20200124_085454_980.IDF
    3    2   12 128.8333333  38.4833333   08   17   15   00   40 128.8750000  38.3750000  OMAS_PROFILE_20200124_094959_019.IDF
    3    2   12 128.9166667  38.4333333   08   21   20   00   41 128.8750000  38.3750000  OMAS_PROFILE_20200126_102856_866.IDF
    3    2   12 128.9166667  38.3666667   08   22   03   00   42 128.8750000  38.3750000  OMAS_PROFILE_20200127_085740_644.IDF
    3    2   12 128.7666667  38.3833333   08   23   15   00   43 128.8750000  38.3750000  OMAS_PROFILE_20200127_093930_580.IDF
    3    2   12 128.9833333  38.3833333   08   25   03   00   44 128.8750000  38.3750000  OMAS_PROFILE_20200128_090106_216.IDF
    3    2   12 128.9833333  38.4666667   08   24   09   00   45 128.8750000  38.3750000  OMAS_PROFILE_20200128_091021_754.IDF
    3    2   12 128.9166667  38.3666667   08   25   15   00   46 128.8750000  38.3750000  OMAS_PROFILE_20200129_084315_690.IDF
    3    2   12 128.9333333  38.4000000   08   29   03   00   47 128.8750000  38.3750000  OMAS_PROFILE_20200131_091429_628.IDF
    3    2   12 128.9833333  38.4833333   08   29   15   00   48 128.8750000  38.3750000  OMAS_PROFILE_20200131_092528_410.IDF
    3    2   12 128.9333333  38.4000000   08   29   09   00   49 128.8750000  38.3750000  OMAS_PROFILE_20200131_101015_007.IDF
    3    2   12 128.9000000  38.4833333   08   31   03   00   50 128.8750000  38.3750000  OMAS_PROFILE_20200201_095340_150.IDF
    4    3   11 129.1333333  38.0000000   07   02   00   25   01 129.1250000  38.1250000  OMAS_PROFILE_20200101_093443_277.IDF
    4    3   11 129.1000000  38.1666667   07   11   15   00   02 129.1250000  38.1250000  OMAS_PROFILE_20200108_084704_380.IDF
    4    3   11 129.0166667  38.2000000   07   14   03   00   03 129.1250000  38.1250000  OMAS_PROFILE_20200110_092310_624.IDF
    4    3   11 129.0666667  38.0000000   07   14   19   45   04 129.1250000  38.1250000  OMAS_PROFILE_20200110_092525_840.IDF
    4    3   11 129.1833333  38.0000000   07   18   10   55   05 129.1250000  38.1250000  OMAS_PROFILE_20200112_060653_158.IDF
    4    3   11 129.2333333  38.0833333   07   24   03   00   06 129.1250000  38.1250000  OMAS_PROFILE_20200114_093502_404.IDF
    4    3   11 129.1000000  38.0333333   07   25   03   00   07 129.1250000  38.1250000  OMAS_PROFILE_20200115_084622_947.IDF
    4    3   11 129.1166667  38.2333333   07   24   20   00   08 129.1250000  38.1250000  OMAS_PROFILE_20200115_084736_013.IDF
    4    3   11 129.2000000  38.0663889   08   11   10   27   09 129.1250000  38.1250000  OMAS_PROFILE_20200123_084758_054.IDF
    4    3   11 129.2333333  38.2333333   08   26   15   00   10 129.1250000  38.1250000  OMAS_PROFILE_20200129_091736_323.IDF
    4    3   11 129.0333333  38.2166667   08   27   20   00   11 129.1250000  38.1250000  OMAS_PROFILE_20200130_085847_496.IDF
    4    3   11 129.0333333  38.0333333   08   27   22   00   12 129.1250000  38.1250000  OMAS_PROFILE_20200130_085947_707.IDF
    4    3   11 129.1000000  38.1833333   08   27   15   00   13 129.1250000  38.1250000  OMAS_PROFILE_20200130_091544_869.IDF
    4    3   11 129.1000000  38.0500000   08   27   11   52   14 129.1250000  38.1250000  OMAS_PROFILE_20200130_091743_867.IDF
    5    3   12 129.2333333  38.4500000   07   06   03   00   01 129.1250000  38.3750000  OMAS_PROFILE_20200103_090343_699.IDF
    5    3   12 129.1000000  38.4833333   07   08   03   00   02 129.1250000  38.3750000  OMAS_PROFILE_20200105_090033_617.IDF
    5    3   12 129.0666667  38.4500000   07   09   03   00   03 129.1250000  38.3750000  OMAS_PROFILE_20200106_130609_565.IDF
    5    3   12 129.0833333  38.4000000   07   11   03   00   04 129.1250000  38.3750000  OMAS_PROFILE_20200108_082339_459.IDF
    5    3   12 129.1833333  38.4166667   07   14   15   00   05 129.1250000  38.3750000  OMAS_PROFILE_20200111_100337_380.IDF
    5    3   12 129.1500000  38.2666667   07   14   09   00   06 129.1250000  38.3750000  OMAS_PROFILE_20200111_100804_365.IDF
    5    3   12 129.1833333  38.4500000   07   15   15   00   07 129.1250000  38.3750000  OMAS_PROFILE_20200111_102048_120.IDF
    5    3   12 129.0500000  38.4333333   07   15   09   00   08 129.1250000  38.3750000  OMAS_PROFILE_20200111_102212_016.IDF
    5    3   12 129.0000000  38.4000000   07   17   03   00   09 129.1250000  38.3750000  OMAS_PROFILE_20200111_102824_503.IDF
    5    3   12 129.0166667  38.4666667   07   16   20   00   10 129.1250000  38.3750000  OMAS_PROFILE_20200111_103111_467.IDF
    5    3   12 129.0500000  38.4500000   07   17   20   00   11 129.1250000  38.3750000  OMAS_PROFILE_20200112_055045_348.IDF
    5    3   12 129.1500000  38.4166667   07   18   09   00   12 129.1250000  38.3750000  OMAS_PROFILE_20200112_060729_226.IDF
    5    3   12 129.0666667  38.3333333   07   20   03   00   13 129.1250000  38.3750000  OMAS_PROFILE_20200113_085741_277.IDF
    5    3   12 129.0000000  38.3500000   07   20   09   00   14 129.1250000  38.3750000  OMAS_PROFILE_20200113_091801_992.IDF
    5    3   12 129.0666667  38.3333333   07   24   09   00   15 129.1250000  38.3750000  OMAS_PROFILE_20200115_085134_982.IDF
    5    3   12 129.1333333  38.3833333   07   25   20   00   16 129.1250000  38.3750000  OMAS_PROFILE_20200115_090054_937.IDF
    5    3   12 129.0000000  38.4166667   07   27   03   00   17 129.1250000  38.3750000  OMAS_PROFILE_20200115_090647_843.IDF
    5    3   12 129.0333333  38.3333333   07   27   20   00   18 129.1250000  38.3750000  OMAS_PROFILE_20200116_101104_609.IDF
    5    3   12 129.0333333  38.3833333   07   27   15   00   19 129.1250000  38.3750000  OMAS_PROFILE_20200116_101424_371.IDF
    5    3   12 129.1833333  38.3833333   07   28   03   00   20 129.1250000  38.3750000  OMAS_PROFILE_20200116_101900_818.IDF
    5    3   12 129.0166667  38.4666667   07   28   09   00   21 129.1250000  38.3750000  OMAS_PROFILE_20200116_102544_161.IDF
    5    3   12 129.1666667  38.4666667   07   29   15   00   22 129.1250000  38.3750000  OMAS_PROFILE_20200117_084958_194.IDF
    5    3   12 129.0500000  38.3166667   07   30   03   00   23 129.1250000  38.3750000  OMAS_PROFILE_20200117_090400_083.IDF
    5    3   12 129.0166667  38.4833333   08   01   15   00   24 129.1250000  38.3750000  OMAS_PROFILE_20200118_090836_204.IDF
    5    3   12 129.1500000  38.4166667   08   05   03   00   25 129.1250000  38.3750000  OMAS_PROFILE_20200120_081839_824.IDF
    5    3   12 129.0500000  38.3666667   08   04   15   00   26 129.1250000  38.3750000  OMAS_PROFILE_20200120_082727_657.IDF
    5    3   12 129.2000000  38.3333333   08   06   03   00   27 129.1250000  38.3750000  OMAS_PROFILE_20200120_090318_178.IDF
    5    3   12 129.0666667  38.4666667   08   07   03   00   28 129.1250000  38.3750000  OMAS_PROFILE_20200120_094544_253.IDF
    5    3   12 129.2166667  38.3666667   08   08   03   00   29 129.1250000  38.3750000  OMAS_PROFILE_20200121_102015_045.IDF
    5    3   12 129.1000000  38.4333333   08   13   15   00   30 129.1250000  38.3750000  OMAS_PROFILE_20200124_085606_621.IDF
    5    3   12 129.1000000  38.4500000   08   19   03   00   31 129.1250000  38.3750000  OMAS_PROFILE_20200124_100241_708.IDF
    5    3   12 129.1666667  38.4333333   08   20   03   00   32 129.1250000  38.3750000  OMAS_PROFILE_20200125_093407_962.IDF
    5    3   12 129.0666667  38.4833333   08   20   15   00   33 129.1250000  38.3750000  OMAS_PROFILE_20200126_095610_040.IDF
    5    3   12 129.2166667  38.4166667   08   21   15   00   34 129.1250000  38.3750000  OMAS_PROFILE_20200126_102607_831.IDF
    5    3   12 129.1333333  38.4500000   08   23   03   00   35 129.1250000  38.3750000  OMAS_PROFILE_20200127_091151_487.IDF
    5    3   12 129.1500000  38.4000000   08   22   20   00   36 129.1250000  38.3750000  OMAS_PROFILE_20200127_092455_044.IDF
    5    3   12 129.1000000  38.3666667   08   23   20   00   37 129.1250000  38.3750000  OMAS_PROFILE_20200127_093738_123.IDF
    5    3   12 129.1500000  38.3000000   08   28   03   00   38 129.1250000  38.3750000  OMAS_PROFILE_20200130_083742_670.IDF
    5    3   12 129.0833333  38.4833333   08   28   15   00   39 129.1250000  38.3750000  OMAS_PROFILE_20200130_092517_134.IDF
    5    3   12 129.0166667  38.3333333   08   28   20   00   40 129.1250000  38.3750000  OMAS_PROFILE_20200131_091111_647.IDF
    5    3   12 129.2166667  38.4166667   08   31   20   00   41 129.1250000  38.3750000  OMAS_PROFILE_20200201_102943_026.IDF
    5    3   12 129.1333333  38.4833333   08   31   15   00   42 129.1250000  38.3750000  OMAS_PROFILE_20200201_103522_000.IDF
    5    3   12 129.0000000  38.4833333   08   31   09   00   43 129.1250000  38.3750000  OMAS_PROFILE_20200201_104030_873.IDF
    5    3   12 129.1333333  38.3833333   08   31   20   00   44 129.1250000  38.3750000  OMAS_PROFILE_20200201_104257_750.IDF
    6    4   11 129.4666667  38.0000000   07   01   21   00   01 129.3750000  38.1250000  OMAS_PROFILE_20200101_093353_843.IDF
    6    4   11 129.4666667  38.0000000   07   02   12   00   02 129.3750000  38.1250000  OMAS_PROFILE_20200102_102709_065.IDF
    6    4   11 129.3166667  38.0000000   07   07   22   30   03 129.3750000  38.1250000  OMAS_PROFILE_20200104_092420_887.IDF
    6    4   11 129.3833333  38.0333333   07   25   09   00   04 129.3750000  38.1250000  OMAS_PROFILE_20200115_085525_385.IDF
    6    4   11 129.3000000  38.0000000   07   28   11   20   05 129.3750000  38.1250000  OMAS_PROFILE_20200116_102527_194.IDF
    6    4   11 129.4500000  38.2166667   07   29   20   00   06 129.3750000  38.1250000  OMAS_PROFILE_20200118_085917_535.IDF
    6    4   11 129.2833333  38.0000000   08   07   11   00   07 129.3750000  38.1250000  OMAS_PROFILE_20200121_101037_443.IDF
    6    4   11 129.3500000  38.0166667   08   18   21   56   08 129.3750000  38.1250000  OMAS_PROFILE_20200125_092244_125.IDF
    6    4   11 129.4500000  38.0000000   08   23   03   00   09 129.3750000  38.1250000  OMAS_PROFILE_20200127_091621_940.IDF
    6    4   11 129.3000000  38.0000000   08   24   11   00   10 129.3750000  38.1250000  OMAS_PROFILE_20200128_090952_223.IDF
    6    4   11 129.2500000  38.0000000   08   28   11   40   11 129.3750000  38.1250000  OMAS_PROFILE_20200130_092413_501.IDF
    7    4   12 129.4833333  38.2500000   07   02   15   00   01 129.3750000  38.3750000  OMAS_PROFILE_20200102_101509_346.IDF
    7    4   12 129.2833333  38.4500000   07   05   20   00   02 129.3750000  38.3750000  OMAS_PROFILE_20200103_090825_697.IDF
    7    4   12 129.2500000  38.4500000   07   13   09   00   03 129.3750000  38.3750000  OMAS_PROFILE_20200110_090956_137.IDF
    7    4   12 129.2500000  38.3833333   07   14   20   00   04 129.3750000  38.3750000  OMAS_PROFILE_20200111_085907_379.IDF
    7    4   12 129.3500000  38.3833333   07   16   09   00   05 129.3750000  38.3750000  OMAS_PROFILE_20200112_054613_744.IDF
    7    4   12 129.2666667  38.4500000   07   19   03   00   06 129.3750000  38.3750000  OMAS_PROFILE_20200112_055934_222.IDF
    7    4   12 129.2500000  38.4000000   07   19   20   00   07 129.3750000  38.3750000  OMAS_PROFILE_20200113_085456_398.IDF
    7    4   12 129.2666667  38.4833333   07   20   20   00   08 129.3750000  38.3750000  OMAS_PROFILE_20200113_091534_191.IDF
    7    4   12 129.2500000  38.3833333   07   20   15   00   09 129.3750000  38.3750000  OMAS_PROFILE_20200113_091557_807.IDF
    7    4   12 129.3166667  38.2833333   07   25   15   00   10 129.3750000  38.3750000  OMAS_PROFILE_20200115_085644_243.IDF
    7    4   12 129.4000000  38.4000000   07   29   20   00   11 129.3750000  38.3750000  OMAS_PROFILE_20200117_085033_721.IDF
    7    4   12 129.2500000  38.3833333   07   31   03   00   12 129.3750000  38.3750000  OMAS_PROFILE_20200117_090536_801.IDF
    7    4   12 129.2500000  38.4166667   08   04   20   00   13 129.3750000  38.3750000  OMAS_PROFILE_20200120_082021_778.IDF
    7    4   12 129.2666667  38.3500000   08   07   15   00   14 129.3750000  38.3750000  OMAS_PROFILE_20200121_101257_977.IDF
    7    4   12 129.3000000  38.4833333   08   10   03   00   15 129.3750000  38.3750000  OMAS_PROFILE_20200122_084018_990.IDF
    7    4   12 129.4000000  38.4166667   08   13   03   00   16 129.3750000  38.3750000  OMAS_PROFILE_20200123_084954_350.IDF
    7    4   12 129.4500000  38.4833333   08   23   03   00   17 129.3750000  38.3750000  OMAS_PROFILE_20200127_091713_508.IDF
    7    4   12 129.3333333  38.2833333   08   26   09   00   18 129.3750000  38.3750000  OMAS_PROFILE_20200129_092440_090.IDF
    7    4   12 129.4000000  38.3333333   08   28   09   00   19 129.3750000  38.3750000  OMAS_PROFILE_20200130_091833_861.IDF
    7    4   12 129.4333333  38.4666667   08   28   15   00   20 129.3750000  38.3750000  OMAS_PROFILE_20200130_092440_333.IDF
    7    4   12 129.3000000  38.3666667   08   31   15   00   21 129.3750000  38.3750000  OMAS_PROFILE_20200201_104351_957.IDF
    8    5    9 129.5166667  37.6166667   07   02   20   00   01 129.6250000  37.6250000  OMAS_PROFILE_20200101_094534_902.IDF
    8    5    9 129.6333333  37.6833333   07   10   20   00   02 129.6250000  37.6250000  OMAS_PROFILE_20200107_093425_713.IDF
    9    5   10 129.7333333  37.9166667   07   02   20   00   01 129.6250000  37.8750000  OMAS_PROFILE_20200101_094350_590.IDF
    9    5   10 129.5833333  37.9666667   07   04   03   00   02 129.6250000  37.8750000  OMAS_PROFILE_20200102_103812_242.IDF
    9    5   10 129.5333333  37.9333333   07   05   20   00   03 129.6250000  37.8750000  OMAS_PROFILE_20200103_091158_394.IDF
    9    5   10 129.6166667  37.9666667   07   05   15   00   04 129.6250000  37.8750000  OMAS_PROFILE_20200103_091249_676.IDF
    9    5   10 129.6000000  37.9833333   07   07   03   00   05 129.6250000  37.8750000  OMAS_PROFILE_20200104_091903_732.IDF
    9    5   10 129.6833333  37.9833333   07   06   09   00   06 129.6250000  37.8750000  OMAS_PROFILE_20200104_093630_742.IDF
    9    5   10 129.5166667  37.9166667   07   12   03   00   07 129.6250000  37.8750000  OMAS_PROFILE_20200108_082712_316.IDF
    9    5   10 129.7000000  37.7666667   07   11   15   00   08 129.6250000  37.8750000  OMAS_PROFILE_20200108_084551_180.IDF
    9    5   10 129.5333333  37.8833333   07   14   15   00   09 129.6250000  37.8750000  OMAS_PROFILE_20200111_100517_669.IDF
    9    5   10 129.7000000  37.9833333   07   18   03   00   10 129.6250000  37.8750000  OMAS_PROFILE_20200112_054948_991.IDF
    9    5   10 129.6666667  37.9500000   07   17   09   00   11 129.6250000  37.8750000  OMAS_PROFILE_20200112_055717_974.IDF
    9    5   10 129.6833333  37.9833333   07   18   20   00   12 129.6250000  37.8750000  OMAS_PROFILE_20200112_060028_046.IDF
    9    5   10 129.6666667  37.9333333   07   18   09   00   13 129.6250000  37.8750000  OMAS_PROFILE_20200112_060713_139.IDF
    9    5   10 129.6833333  37.8833333   07   19   09   00   14 129.6250000  37.8750000  OMAS_PROFILE_20200113_084955_309.IDF
    9    5   10 129.6666667  37.9500000   07   20   15   00   15 129.6250000  37.8750000  OMAS_PROFILE_20200113_091622_028.IDF
    9    5   10 129.6833333  37.8666667   07   20   09   00   16 129.6250000  37.8750000  OMAS_PROFILE_20200113_091847_631.IDF
    9    5   10 129.6500000  37.9333333   07   21   20   00   17 129.6250000  37.8750000  OMAS_PROFILE_20200114_084538_610.IDF
    9    5   10 129.5833333  37.9666667   07   22   20   00   18 129.6250000  37.8750000  OMAS_PROFILE_20200114_092031_726.IDF
    9    5   10 129.6666667  37.9333333   07   24   20   00   19 129.6250000  37.8750000  OMAS_PROFILE_20200114_093935_478.IDF
    9    5   10 129.6166667  37.9166667   07   25   20   00   20 129.6250000  37.8750000  OMAS_PROFILE_20200115_085814_474.IDF
    9    5   10 129.7000000  37.9500000   08   02   15   00   21 129.6250000  37.8750000  OMAS_PROFILE_20200119_094544_503.IDF
    9    5   10 129.6500000  37.9833333   08   02   09   00   22 129.6250000  37.8750000  OMAS_PROFILE_20200119_095506_669.IDF
    9    5   10 129.7000000  37.9000000   08   03   20   00   23 129.6250000  37.8750000  OMAS_PROFILE_20200119_100125_569.IDF
    9    5   10 129.7333333  37.9500000   08   05   03   00   24 129.6250000  37.8750000  OMAS_PROFILE_20200119_102208_622.IDF
    9    5   10 129.6000000  37.9500000   08   04   20   00   25 129.6250000  37.8750000  OMAS_PROFILE_20200120_082200_307.IDF
    9    5   10 129.5833333  37.9833333   08   06   03   00   26 129.6250000  37.8750000  OMAS_PROFILE_20200120_090500_464.IDF
    9    5   10 129.6333333  37.9500000   08   09   03   00   27 129.6250000  37.8750000  OMAS_PROFILE_20200121_102119_795.IDF
    9    5   10 129.6166667  37.9333333   08   18   03   00   28 129.6250000  37.8750000  OMAS_PROFILE_20200124_093230_769.IDF
    9    5   10 129.7000000  37.9333333   08   17   15   00   29 129.6250000  37.8750000  OMAS_PROFILE_20200124_095114_254.IDF
    9    5   10 129.7000000  37.9833333   08   18   03   00   30 129.6250000  37.8750000  OMAS_PROFILE_20200124_100118_044.IDF
    9    5   10 129.7333333  37.9666667   08   24   20   00   31 129.6250000  37.8750000  OMAS_PROFILE_20200128_090230_599.IDF
    9    5   10 129.6666667  37.9833333   08   30   03   00   32 129.6250000  37.8750000  OMAS_PROFILE_20200131_092002_954.IDF
   10    5   11 129.5833333  38.0333333   07   02   03   00   01 129.6250000  38.1250000  OMAS_PROFILE_20200101_093734_820.IDF
   10    5   11 129.6666667  38.0666667   07   02   09   00   02 129.6250000  38.1250000  OMAS_PROFILE_20200102_103110_208.IDF
   10    5   11 129.6333333  38.0166667   07   03   15   00   03 129.6250000  38.1250000  OMAS_PROFILE_20200102_104642_385.IDF
   10    5   11 129.6833333  38.0000000   07   05   03   00   04 129.6250000  38.1250000  OMAS_PROFILE_20200103_085253_888.IDF
   10    5   11 129.6333333  38.0500000   07   04   15   00   05 129.6250000  38.1250000  OMAS_PROFILE_20200103_090042_883.IDF
   10    5   11 129.7166667  38.0166667   07   06   03   00   06 129.6250000  38.1250000  OMAS_PROFILE_20200103_090538_283.IDF
   10    5   11 129.7000000  38.0333333   07   07   20   00   07 129.6250000  38.1250000  OMAS_PROFILE_20200104_092618_604.IDF
   10    5   11 129.6833333  38.0666667   07   07   09   00   08 129.6250000  38.1250000  OMAS_PROFILE_20200105_081309_340.IDF
   10    5   11 129.6166667  38.0166667   07   07   15   00   09 129.6250000  38.1250000  OMAS_PROFILE_20200105_082041_728.IDF
   10    5   11 129.7000000  38.1833333   07   08   03   00   10 129.6250000  38.1250000  OMAS_PROFILE_20200105_085020_354.IDF
   10    5   11 129.7000000  38.0166667   07   08   20   00   11 129.6250000  38.1250000  OMAS_PROFILE_20200106_131354_678.IDF
   10    5   11 129.5833333  38.0000000   07   09   20   00   12 129.6250000  38.1250000  OMAS_PROFILE_20200107_091706_843.IDF
   10    5   11 129.5833333  38.0166667   07   09   15   00   13 129.6250000  38.1250000  OMAS_PROFILE_20200107_092024_388.IDF
   10    5   11 129.6333333  38.1333333   07   11   20   00   14 129.6250000  38.1250000  OMAS_PROFILE_20200108_083922_188.IDF
   10    5   11 129.6166667  38.0666667   07   13   03   00   15 129.6250000  38.1250000  OMAS_PROFILE_20200108_085047_958.IDF
   10    5   11 129.6666667  38.0000000   07   12   15   00   16 129.6250000  38.1250000  OMAS_PROFILE_20200109_085318_511.IDF
   10    5   11 129.7166667  38.0000000   07   12   09   00   17 129.6250000  38.1250000  OMAS_PROFILE_20200110_090351_488.IDF
   10    5   11 129.6500000  38.0166667   07   17   03   00   18 129.6250000  38.1250000  OMAS_PROFILE_20200111_102722_555.IDF
   10    5   11 129.6000000  38.0333333   07   16   15   00   19 129.6250000  38.1250000  OMAS_PROFILE_20200111_103411_375.IDF
   10    5   11 129.6500000  38.0500000   07   17   20   00   20 129.6250000  38.1250000  OMAS_PROFILE_20200112_055130_299.IDF
   10    5   11 129.7166667  38.2000000   07   17   15   00   21 129.6250000  38.1250000  OMAS_PROFILE_20200112_055426_404.IDF
   10    5   11 129.6500000  38.1333333   07   19   03   00   22 129.6250000  38.1250000  OMAS_PROFILE_20200112_055753_437.IDF
   10    5   11 129.5666667  38.0000000   07   19   20   00   23 129.6250000  38.1250000  OMAS_PROFILE_20200113_085608_046.IDF
   10    5   11 129.6666667  38.0833333   07   20   20   00   24 129.6250000  38.1250000  OMAS_PROFILE_20200113_090347_809.IDF
   10    5   11 129.7000000  38.0333333   07   22   03   00   25 129.6250000  38.1250000  OMAS_PROFILE_20200113_091913_758.IDF
   10    5   11 129.6666667  38.2000000   07   21   09   00   26 129.6250000  38.1250000  OMAS_PROFILE_20200114_091308_827.IDF
   10    5   11 129.6500000  38.0333333   07   22   15   00   27 129.6250000  38.1250000  OMAS_PROFILE_20200114_092525_268.IDF
   10    5   11 129.7333333  38.0500000   07   22   09   00   28 129.6250000  38.1250000  OMAS_PROFILE_20200114_093015_596.IDF
   10    5   11 129.6500000  38.1000000   07   23   15   00   29 129.6250000  38.1250000  OMAS_PROFILE_20200114_094303_396.IDF
   10    5   11 129.7000000  38.2333333   07   24   15   00   30 129.6250000  38.1250000  OMAS_PROFILE_20200115_084905_786.IDF
   10    5   11 129.7000000  38.1333333   07   27   03   00   31 129.6250000  38.1250000  OMAS_PROFILE_20200115_090611_005.IDF
   10    5   11 129.6166667  38.0000000   07   26   15   00   32 129.6250000  38.1250000  OMAS_PROFILE_20200116_100738_970.IDF
   10    5   11 129.6833333  38.1166667   07   27   15   00   33 129.6250000  38.1250000  OMAS_PROFILE_20200116_101450_627.IDF
   10    5   11 129.7000000  38.1500000   07   27   20   00   34 129.6250000  38.1250000  OMAS_PROFILE_20200116_101540_995.IDF
   10    5   11 129.6833333  38.0333333   07   28   09   00   35 129.6250000  38.1250000  OMAS_PROFILE_20200116_102644_640.IDF
   10    5   11 129.6000000  38.1500000   07   29   09   00   36 129.6250000  38.1250000  OMAS_PROFILE_20200117_084744_037.IDF
   10    5   11 129.7166667  38.0000000   08   02   03   00   37 129.6250000  38.1250000  OMAS_PROFILE_20200118_085251_128.IDF
   10    5   11 129.6000000  38.0333333   08   01   20   00   38 129.6250000  38.1250000  OMAS_PROFILE_20200118_085801_409.IDF
   10    5   11 129.5833333  38.0000000   08   01   15   00   39 129.6250000  38.1250000  OMAS_PROFILE_20200118_090027_734.IDF
   10    5   11 129.6333333  38.0000000   08   01   09   00   40 129.6250000  38.1250000  OMAS_PROFILE_20200118_091035_029.IDF
   10    5   11 129.6833333  38.0000000   08   02   20   00   41 129.6250000  38.1250000  OMAS_PROFILE_20200119_094340_609.IDF
   10    5   11 129.7166667  38.0666667   08   03   15   00   42 129.6250000  38.1250000  OMAS_PROFILE_20200119_101835_209.IDF
   10    5   11 129.7166667  38.0166667   08   05   20   00   43 129.6250000  38.1250000  OMAS_PROFILE_20200120_090627_408.IDF
   10    5   11 129.6666667  38.1666667   08   05   20   00   44 129.6250000  38.1250000  OMAS_PROFILE_20200120_091049_076.IDF
   10    5   11 129.5666667  38.1666667   08   07   15   00   45 129.6250000  38.1250000  OMAS_PROFILE_20200121_101213_984.IDF
   10    5   11 129.7000000  38.1166667   08   08   20   00   46 129.6250000  38.1250000  OMAS_PROFILE_20200121_102609_683.IDF
   10    5   11 129.6333333  38.0166667   08   08   15   00   47 129.6250000  38.1250000  OMAS_PROFILE_20200121_123206_736.IDF
   10    5   11 129.6166667  38.0833333   08   09   20   00   48 129.6250000  38.1250000  OMAS_PROFILE_20200122_084200_828.IDF
   10    5   11 129.7166667  38.0500000   08   11   03   00   49 129.6250000  38.1250000  OMAS_PROFILE_20200122_085007_614.IDF
   10    5   11 129.7000000  38.0166667   08   14   03   00   50 129.6250000  38.1250000  OMAS_PROFILE_20200123_093310_063.IDF
   10    5   11 129.6166667  38.0000000   08   13   15   00   51 129.6250000  38.1250000  OMAS_PROFILE_20200124_090049_487.IDF
   10    5   11 129.6666667  38.0833333   08   13   09   00   52 129.6250000  38.1250000  OMAS_PROFILE_20200124_092316_877.IDF
   10    5   11 129.7000000  38.0833333   08   17   09   00   53 129.6250000  38.1250000  OMAS_PROFILE_20200124_095623_372.IDF
   10    5   11 129.6666667  38.0000000   08   18   15   00   54 129.6250000  38.1250000  OMAS_PROFILE_20200125_092511_627.IDF
   10    5   11 129.5500000  38.0166667   08   18   09   00   55 129.6250000  38.1250000  OMAS_PROFILE_20200125_092812_187.IDF
   10    5   11 129.6833333  38.0166667   08   19   20   00   56 129.6250000  38.1250000  OMAS_PROFILE_20200125_094617_526.IDF
   10    5   11 129.7166667  38.0333333   08   20   15   00   57 129.6250000  38.1250000  OMAS_PROFILE_20200126_101356_234.IDF
   10    5   11 129.7000000  38.1000000   08   20   09   00   58 129.6250000  38.1250000  OMAS_PROFILE_20200126_101655_266.IDF
   10    5   11 129.6500000  38.0833333   08   21   09   00   59 129.6250000  38.1250000  OMAS_PROFILE_20200126_102057_090.IDF
   10    5   11 129.7333333  38.1166667   08   21   15   00   60 129.6250000  38.1250000  OMAS_PROFILE_20200126_102224_057.IDF
   10    5   11 129.5333333  38.0166667   08   22   03   00   61 129.6250000  38.1250000  OMAS_PROFILE_20200127_085443_941.IDF
   10    5   11 129.6666667  38.0500000   08   23   20   00   62 129.6250000  38.1250000  OMAS_PROFILE_20200127_093818_658.IDF
   10    5   11 129.6333333  38.0000000   08   24   09   00   63 129.6250000  38.1250000  OMAS_PROFILE_20200128_091303_681.IDF
   10    5   11 129.6666667  38.1666667   08   28   03   00   64 129.6250000  38.1250000  OMAS_PROFILE_20200130_083839_761.IDF
   10    5   11 129.7166667  38.1166667   08   28   20   00   65 129.6250000  38.1250000  OMAS_PROFILE_20200130_092705_076.IDF
   10    5   11 129.6333333  38.0166667   08   29   20   00   66 129.6250000  38.1250000  OMAS_PROFILE_20200131_092119_487.IDF
   10    5   11 129.6666667  38.0000000   08   29   15   00   67 129.6250000  38.1250000  OMAS_PROFILE_20200131_092443_870.IDF
   10    5   11 129.6000000  38.0500000   08   31   03   00   68 129.6250000  38.1250000  OMAS_PROFILE_20200201_095214_968.IDF
   10    5   11 129.7333333  38.0666667   08   31   20   00   69 129.6250000  38.1250000  OMAS_PROFILE_20200201_095812_683.IDF
   10    5   11 129.5500000  38.1166667   08   31   15   00   70 129.6250000  38.1250000  OMAS_PROFILE_20200201_103031_346.IDF
   10    5   11 129.6833333  38.1000000   08   31   09   00   71 129.6250000  38.1250000  OMAS_PROFILE_20200201_103616_738.IDF
   10    5   11 129.7333333  38.1000000   08   31   09   00   72 129.6250000  38.1250000  OMAS_PROFILE_20200201_104606_439.IDF
   11    5   12 129.6500000  38.4333333   07   04   09   00   01 129.6250000  38.3750000  OMAS_PROFILE_20200103_090205_744.IDF
   11    5   12 129.6500000  38.4666667   07   08   09   00   02 129.6250000  38.3750000  OMAS_PROFILE_20200106_131802_997.IDF
   11    5   12 129.7333333  38.2500000   07   17   20   00   03 129.6250000  38.3750000  OMAS_PROFILE_20200112_055226_380.IDF
   11    5   12 129.6500000  38.4666667   07   19   17   15   04 129.6250000  38.3750000  OMAS_PROFILE_20200113_085418_165.IDF
   11    5   12 129.6666667  38.4500000   07   25   15   00   05 129.6250000  38.3750000  OMAS_PROFILE_20200115_085601_706.IDF
   11    5   12 129.7166667  38.2500000   07   26   20   00   06 129.6250000  38.3750000  OMAS_PROFILE_20200116_100610_931.IDF
   11    5   12 129.7000000  38.3333333   07   31   03   00   07 129.6250000  38.3750000  OMAS_PROFILE_20200117_090832_433.IDF
   11    5   12 129.6166667  38.2666667   08   01   15   00   08 129.6250000  38.3750000  OMAS_PROFILE_20200118_090604_737.IDF
   11    5   12 129.5833333  38.4166667   08   07   03   00   09 129.6250000  38.3750000  OMAS_PROFILE_20200120_094339_721.IDF
   11    5   12 129.6333333  38.2500000   08   10   20   00   10 129.6250000  38.3750000  OMAS_PROFILE_20200122_085045_027.IDF
   11    5   12 129.6166667  38.3666667   08   10   09   00   11 129.6250000  38.3750000  OMAS_PROFILE_20200122_085550_295.IDF
   11    5   12 129.5333333  38.2500000   08   14   20   00   12 129.6250000  38.3750000  OMAS_PROFILE_20200123_092002_704.IDF
   11    5   12 129.6000000  38.4666667   08   18   20   00   13 129.6250000  38.3750000  OMAS_PROFILE_20200125_092636_429.IDF
   11    5   12 129.6000000  38.4000000   08   21   15   00   14 129.6250000  38.3750000  OMAS_PROFILE_20200126_102735_978.IDF
   11    5   12 129.5333333  38.3166667   08   23   11   55   15 129.6250000  38.3750000  OMAS_PROFILE_20200127_093356_248.IDF
   11    5   12 129.6500000  38.4166667   08   26   03   00   16 129.6250000  38.3750000  OMAS_PROFILE_20200129_083316_823.IDF
   12    6    7 129.9666667  37.2333333   07   08   20   00   01 129.8750000  37.1250000  OMAS_PROFILE_20200105_090321_939.IDF
   13    6   10 129.9500000  37.8333333   07   11   09   00   01 129.8750000  37.8750000  OMAS_PROFILE_20200108_084805_636.IDF
   13    6   10 129.7500000  37.9833333   07   15   20   00   02 129.8750000  37.8750000  OMAS_PROFILE_20200111_101429_125.IDF
   13    6   10 129.9666667  37.8500000   07   19   15   00   03 129.8750000  37.8750000  OMAS_PROFILE_20200113_085350_514.IDF
   13    6   10 129.8000000  37.9166667   07   20   03   00   04 129.8750000  37.8750000  OMAS_PROFILE_20200113_085707_133.IDF
   13    6   10 129.7500000  37.9666667   07   23   09   00   05 129.8750000  37.8750000  OMAS_PROFILE_20200115_084354_777.IDF
   13    6   10 129.9333333  37.8166667   07   25   03   00   06 129.8750000  37.8750000  OMAS_PROFILE_20200115_084457_290.IDF
   13    6   10 129.9833333  37.9500000   08   13   20   00   07 129.8750000  37.8750000  OMAS_PROFILE_20200124_085044_374.IDF
   13    6   10 129.8000000  37.9833333   08   17   20   00   08 129.8750000  37.8750000  OMAS_PROFILE_20200124_093627_463.IDF
   13    6   10 129.9000000  37.9500000   08   27   15   00   09 129.8750000  37.8750000  OMAS_PROFILE_20200130_091652_901.IDF
   14    6   11 129.8333333  38.1666667   07   03   03   00   01 129.8750000  38.1250000  OMAS_PROFILE_20200101_094244_642.IDF
   14    6   11 129.7666667  38.0166667   07   03   09   00   02 129.8750000  38.1250000  OMAS_PROFILE_20200102_122737_248.IDF
   14    6   11 129.7666667  38.0500000   07   04   20   00   03 129.8750000  38.1250000  OMAS_PROFILE_20200103_085338_369.IDF
   14    6   11 129.8166667  38.0666667   07   04   09   00   04 129.8750000  38.1250000  OMAS_PROFILE_20200103_090100_280.IDF
   14    6   11 129.7500000  38.0333333   07   05   09   00   05 129.8750000  38.1250000  OMAS_PROFILE_20200104_091441_994.IDF
   14    6   11 129.7500000  38.0333333   07   06   15   00   06 129.8750000  38.1250000  OMAS_PROFILE_20200104_093353_293.IDF
   14    6   11 129.7666667  38.0833333   07   07   20   00   07 129.8750000  38.1250000  OMAS_PROFILE_20200105_084035_313.IDF
   14    6   11 129.7500000  38.1833333   07   09   03   00   08 129.8750000  38.1250000  OMAS_PROFILE_20200106_130751_444.IDF
   14    6   11 129.7666667  38.1666667   07   08   15   00   09 129.8750000  38.1250000  OMAS_PROFILE_20200106_131534_628.IDF
   14    6   11 129.8833333  38.2166667   07   08   09   00   10 129.8750000  38.1250000  OMAS_PROFILE_20200106_131853_141.IDF
   14    6   11 129.8500000  38.1833333   07   09   15   00   11 129.8750000  38.1250000  OMAS_PROFILE_20200107_092130_340.IDF
   14    6   11 129.8333333  38.1166667   07   10   09   00   12 129.8750000  38.1250000  OMAS_PROFILE_20200107_092616_178.IDF
   14    6   11 129.8500000  38.2333333   07   10   15   00   13 129.8750000  38.1250000  OMAS_PROFILE_20200107_092910_579.IDF
   14    6   11 129.7666667  38.0666667   07   10   20   00   14 129.8750000  38.1250000  OMAS_PROFILE_20200108_082012_412.IDF
   14    6   11 129.7833333  38.1500000   07   12   20   00   15 129.8750000  38.1250000  OMAS_PROFILE_20200108_085315_826.IDF
   14    6   11 129.8000000  38.1166667   07   15   03   00   16 129.8750000  38.1250000  OMAS_PROFILE_20200110_092418_703.IDF
   14    6   11 129.7833333  38.1833333   07   14   09   00   17 129.8750000  38.1250000  OMAS_PROFILE_20200111_100653_607.IDF
   14    6   11 129.8166667  38.0833333   07   16   03   00   18 129.8750000  38.1250000  OMAS_PROFILE_20200111_101107_822.IDF
   14    6   11 129.8166667  38.2000000   07   15   15   00   19 129.8750000  38.1250000  OMAS_PROFILE_20200111_101841_133.IDF
   14    6   11 129.7666667  38.2000000   07   15   09   00   20 129.8750000  38.1250000  OMAS_PROFILE_20200111_102428_555.IDF
   14    6   11 129.9333333  38.0666667   07   16   09   00   21 129.8750000  38.1250000  OMAS_PROFILE_20200112_054701_242.IDF
   14    6   11 129.7833333  38.0500000   07   18   15   00   22 129.8750000  38.1250000  OMAS_PROFILE_20200112_060627_574.IDF
   14    6   11 129.9000000  38.1166667   07   19   09   00   23 129.8750000  38.1250000  OMAS_PROFILE_20200113_085111_677.IDF
   14    6   11 129.8000000  38.1500000   07   19   15   00   24 129.8750000  38.1250000  OMAS_PROFILE_20200113_085216_726.IDF
   14    6   11 129.8833333  38.0166667   07   21   03   00   25 129.8750000  38.1250000  OMAS_PROFILE_20200113_085906_509.IDF
   14    6   11 129.8166667  38.0166667   07   21   15   00   26 129.8750000  38.1250000  OMAS_PROFILE_20200114_084753_244.IDF
   14    6   11 129.8500000  38.0833333   07   23   03   00   27 129.8750000  38.1250000  OMAS_PROFILE_20200114_091555_228.IDF
   14    6   11 129.8166667  38.1166667   07   24   03   00   28 129.8750000  38.1250000  OMAS_PROFILE_20200114_093328_343.IDF
   14    6   11 129.7500000  38.1333333   07   24   20   00   29 129.8750000  38.1250000  OMAS_PROFILE_20200115_084823_505.IDF
   14    6   11 129.8166667  38.1000000   07   24   09   00   30 129.8750000  38.1250000  OMAS_PROFILE_20200115_085110_017.IDF
   14    6   11 129.8666667  38.1166667   07   25   09   00   31 129.8750000  38.1250000  OMAS_PROFILE_20200115_085313_061.IDF
   14    6   11 129.8000000  38.1166667   07   26   03   00   32 129.8750000  38.1250000  OMAS_PROFILE_20200115_090431_547.IDF
   14    6   11 129.9333333  38.2333333   07   27   09   00   33 129.8750000  38.1250000  OMAS_PROFILE_20200116_101236_484.IDF
   14    6   11 129.7666667  38.0666667   07   28   03   00   34 129.8750000  38.1250000  OMAS_PROFILE_20200116_101955_077.IDF
   14    6   11 129.7500000  38.0000000   07   29   15   00   35 129.8750000  38.1250000  OMAS_PROFILE_20200117_084927_057.IDF
   14    6   11 129.7833333  38.1166667   07   31   09   00   36 129.8750000  38.1250000  OMAS_PROFILE_20200118_084926_135.IDF
   14    6   11 129.7666667  38.0333333   08   03   03   00   37 129.8750000  38.1250000  OMAS_PROFILE_20200118_091121_903.IDF
   14    6   11 129.7500000  38.0666667   08   04   03   00   38 129.8750000  38.1250000  OMAS_PROFILE_20200119_095802_849.IDF
   14    6   11 129.8500000  38.0000000   08   03   09   00   39 129.8750000  38.1250000  OMAS_PROFILE_20200119_101948_671.IDF
   14    6   11 129.9000000  38.2166667   08   04   15   00   40 129.8750000  38.1250000  OMAS_PROFILE_20200120_082601_266.IDF
   14    6   11 129.7833333  38.1000000   08   04   09   00   41 129.8750000  38.1250000  OMAS_PROFILE_20200120_083303_610.IDF
   14    6   11 129.7833333  38.0500000   08   05   15   00   42 129.8750000  38.1250000  OMAS_PROFILE_20200120_091735_705.IDF
   14    6   11 129.8500000  38.1166667   08   05   09   00   43 129.8750000  38.1250000  OMAS_PROFILE_20200120_092140_083.IDF
   14    6   11 129.9666667  38.1500000   08   06   15   00   44 129.8750000  38.1250000  OMAS_PROFILE_20200121_100609_746.IDF
   14    6   11 129.7666667  38.0833333   08   06   09   00   45 129.8750000  38.1250000  OMAS_PROFILE_20200121_100802_139.IDF
   14    6   11 129.8333333  38.0666667   08   08   03   00   46 129.8750000  38.1250000  OMAS_PROFILE_20200121_101757_673.IDF
   14    6   11 129.9666667  38.1166667   08   10   03   00   47 129.8750000  38.1250000  OMAS_PROFILE_20200122_083915_908.IDF
   14    6   11 129.8166667  38.1833333   08   09   15   00   48 129.8750000  38.1250000  OMAS_PROFILE_20200122_084603_180.IDF
   14    6   11 129.8500000  38.1166667   08   10   15   00   49 129.8750000  38.1250000  OMAS_PROFILE_20200122_085348_904.IDF
   14    6   11 129.8500000  38.1000000   08   12   03   00   50 129.8750000  38.1250000  OMAS_PROFILE_20200123_084012_024.IDF
   14    6   11 129.7500000  38.1830556   08   11   15   00   51 129.8750000  38.1250000  OMAS_PROFILE_20200123_084716_797.IDF
   14    6   11 129.8166667  38.0830556   08   11   09   00   52 129.8750000  38.1250000  OMAS_PROFILE_20200123_084817_851.IDF
   14    6   11 129.8333333  38.2333333   08   12   15   00   53 129.8750000  38.1250000  OMAS_PROFILE_20200123_092757_047.IDF
   14    6   11 129.8000000  38.2000000   08   12   09   00   54 129.8750000  38.1250000  OMAS_PROFILE_20200123_093057_607.IDF
   14    6   11 129.8000000  38.0166667   08   19   03   00   55 129.8750000  38.1250000  OMAS_PROFILE_20200124_100014_396.IDF
   14    6   11 129.7500000  38.0833333   08   20   03   00   56 129.8750000  38.1250000  OMAS_PROFILE_20200125_093349_573.IDF
   14    6   11 129.8666667  38.0166667   08   19   15   00   57 129.8750000  38.1250000  OMAS_PROFILE_20200125_094711_219.IDF
   14    6   11 129.7500000  38.0333333   08   19   09   00   58 129.8750000  38.1250000  OMAS_PROFILE_20200126_094452_680.IDF
   14    6   11 129.8500000  38.1000000   08   21   03   00   59 129.8750000  38.1250000  OMAS_PROFILE_20200126_094732_688.IDF
   14    6   11 129.7666667  38.0833333   08   20   20   00   60 129.8750000  38.1250000  OMAS_PROFILE_20200126_095217_345.IDF
   14    6   11 129.8166667  38.2166667   08   21   20   00   61 129.8750000  38.1250000  OMAS_PROFILE_20200126_103011_233.IDF
   14    6   11 129.8666667  38.1333333   08   22   09   00   62 129.8750000  38.1250000  OMAS_PROFILE_20200127_093257_868.IDF
   14    6   11 129.9500000  38.0166667   08   24   03   00   63 129.8750000  38.1250000  OMAS_PROFILE_20200127_093532_421.IDF
   14    6   11 129.8500000  38.0500000   08   23   09   00   64 129.8750000  38.1250000  OMAS_PROFILE_20200128_085100_352.IDF
   14    6   11 129.8666667  38.0000000   08   24   15   00   65 129.8750000  38.1250000  OMAS_PROFILE_20200128_090346_014.IDF
   14    6   11 129.8500000  38.1000000   08   26   03   00   66 129.8750000  38.1250000  OMAS_PROFILE_20200129_083508_505.IDF
   14    6   11 129.8000000  38.0833333   08   27   20   00   67 129.8750000  38.1250000  OMAS_PROFILE_20200130_085801_682.IDF
   14    6   11 129.8333333  38.1000000   08   28   09   00   68 129.8750000  38.1250000  OMAS_PROFILE_20200130_091905_413.IDF
   14    6   11 129.8833333  38.1000000   08   28   15   00   69 129.8750000  38.1250000  OMAS_PROFILE_20200130_092610_302.IDF
   14    6   11 129.8000000  38.1666667   08   29   03   00   70 129.8750000  38.1250000  OMAS_PROFILE_20200131_091201_352.IDF
   14    6   11 129.7500000  38.0166667   08   29   09   00   71 129.8750000  38.1250000  OMAS_PROFILE_20200131_100946_714.IDF
   14    6   11 129.8000000  38.0000000   08   31   15   00   72 129.8750000  38.1250000  OMAS_PROFILE_20200201_103429_884.IDF
   15    6   12 129.7666667  38.2500000   07   02   15   00   01 129.8750000  38.3750000  OMAS_PROFILE_20200102_102612_784.IDF
   15    6   12 129.9333333  38.4666667   07   03   20   00   02 129.8750000  38.3750000  OMAS_PROFILE_20200102_104113_369.IDF
   15    6   12 129.7666667  38.4666667   07   05   03   00   03 129.8750000  38.3750000  OMAS_PROFILE_20200103_021526_906.IDF
   15    6   12 129.9166667  38.2500000   07   10   03   00   04 129.8750000  38.3750000  OMAS_PROFILE_20200106_132339_807.IDF
   15    6   12 129.9000000  38.4166667   07   11   15   00   05 129.8750000  38.3750000  OMAS_PROFILE_20200108_084352_538.IDF
   15    6   12 129.9500000  38.4833333   07   12   09   00   06 129.8750000  38.3750000  OMAS_PROFILE_20200110_090254_928.IDF
   15    6   12 129.9000000  38.3333333   07   14   03   00   07 129.8750000  38.3750000  OMAS_PROFILE_20200110_092355_226.IDF
   15    6   12 129.9166667  38.4833333   07   21   09   00   08 129.8750000  38.3750000  OMAS_PROFILE_20200114_091206_667.IDF
   15    6   12 129.7500000  38.4833333   07   24   20   00   09 129.8750000  38.3750000  OMAS_PROFILE_20200114_094119_540.IDF
   15    6   12 129.9666667  38.4333333   07   28   03   00   10 129.8750000  38.3750000  OMAS_PROFILE_20200116_101838_004.IDF
   15    6   12 129.7666667  38.3166667   07   29   03   00   11 129.8750000  38.3750000  OMAS_PROFILE_20200116_102109_957.IDF
   15    6   12 129.9166667  38.3333333   07   28   20   00   12 129.8750000  38.3750000  OMAS_PROFILE_20200116_102235_332.IDF
   15    6   12 129.8500000  38.2666667   07   28   15   00   13 129.8750000  38.3750000  OMAS_PROFILE_20200116_102506_466.IDF
   15    6   12 129.8666667  38.2500000   07   29   20   00   14 129.8750000  38.3750000  OMAS_PROFILE_20200117_085307_427.IDF
   15    6   12 129.7833333  38.3000000   07   30   03   00   15 129.8750000  38.3750000  OMAS_PROFILE_20200117_090237_986.IDF
   15    6   12 129.9666667  38.4666667   07   30   20   00   16 129.8750000  38.3750000  OMAS_PROFILE_20200117_091401_802.IDF
   15    6   12 129.8000000  38.3833333   07   31   20   00   17 129.8750000  38.3750000  OMAS_PROFILE_20200118_084337_812.IDF
   15    6   12 129.9666667  38.2500000   07   31   15   00   18 129.8750000  38.3750000  OMAS_PROFILE_20200118_084652_167.IDF
   15    6   12 129.9833333  38.3833333   07   31   09   00   19 129.8750000  38.3750000  OMAS_PROFILE_20200118_085026_063.IDF
   15    6   12 129.8333333  38.4833333   08   05   15   00   20 129.8750000  38.3750000  OMAS_PROFILE_20200120_091828_824.IDF
   15    6   12 129.8500000  38.3000000   08   07   09   00   21 129.8750000  38.3750000  OMAS_PROFILE_20200121_100850_186.IDF
   15    6   12 129.8500000  38.2500000   08   07   20   00   22 129.8750000  38.3750000  OMAS_PROFILE_20200121_101344_594.IDF
   15    6   12 129.8166667  38.3333333   08   08   20   00   23 129.8750000  38.3750000  OMAS_PROFILE_20200121_102352_654.IDF
   15    6   12 129.9166667  38.3333333   08   08   09   00   24 129.8750000  38.3750000  OMAS_PROFILE_20200122_080816_972.IDF
   15    6   12 129.8500000  38.3666667   08   09   09   00   25 129.8750000  38.3750000  OMAS_PROFILE_20200122_084843_070.IDF
   15    6   12 129.8000000  38.2833333   08   11   20   00   26 129.8750000  38.3750000  OMAS_PROFILE_20200123_084321_374.IDF
   15    6   12 129.9833333  38.3500000   08   13   03   00   27 129.8750000  38.3750000  OMAS_PROFILE_20200123_091452_775.IDF
   15    6   12 129.9500000  38.4500000   08   12   20   00   28 129.8750000  38.3750000  OMAS_PROFILE_20200123_091856_319.IDF
   15    6   12 129.8500000  38.4333333   08   21   03   00   29 129.8750000  38.3750000  OMAS_PROFILE_20200126_094920_760.IDF
   16    7    8 130.1833333  37.2500000   07   08   03   00   01 130.1250000  37.3750000  OMAS_PROFILE_20200105_085132_160.IDF
   16    7    8 130.1500000  37.2833333   07   08   01   00   02 130.1250000  37.3750000  OMAS_PROFILE_20200105_090527_444.IDF
   16    7    8 130.1500000  37.2500000   07   08   05   40   03 130.1250000  37.3750000  OMAS_PROFILE_20200106_130510_919.IDF
   17    7   10 130.0333333  37.8166667   07   01   20   00   01 130.1250000  37.8750000  OMAS_PROFILE_20200101_093333_570.IDF
   17    7   10 130.0166667  37.9166667   07   11   03   00   02 130.1250000  37.8750000  OMAS_PROFILE_20200108_082142_628.IDF
   17    7   10 130.2000000  37.8000000   08   01   03   00   03 130.1250000  37.8750000  OMAS_PROFILE_20200117_093125_186.IDF
   17    7   10 130.0666667  37.8333333   08   07   03   00   04 130.1250000  37.8750000  OMAS_PROFILE_20200120_094252_386.IDF
   17    7   10 130.0000000  37.8833333   08   07   03   00   05 130.1250000  37.8750000  OMAS_PROFILE_20200120_141234_320.IDF
   17    7   10 130.2333333  37.9500000   08   23   15   00   06 130.1250000  37.8750000  OMAS_PROFILE_20200128_084748_023.IDF
   18    7   11 130.1833333  38.1500000   07   01   15   00   01 130.1250000  38.1250000  OMAS_PROFILE_20200101_093312_517.IDF
   18    7   11 130.2333333  38.0000000   07   04   15   00   02 130.1250000  38.1250000  OMAS_PROFILE_20200103_091102_522.IDF
   18    7   11 130.0166667  38.1166667   07   13   09   00   03 130.1250000  38.1250000  OMAS_PROFILE_20200110_090847_008.IDF
   18    7   11 130.1500000  38.0833333   07   21   15   00   04 130.1250000  38.1250000  OMAS_PROFILE_20200114_090605_843.IDF
   18    7   11 130.0833333  38.0166667   07   22   13   50   05 130.1250000  38.1250000  OMAS_PROFILE_20200114_092633_318.IDF
   18    7   11 130.0500000  38.2000000   07   30   20   00   06 130.1250000  38.1250000  OMAS_PROFILE_20200117_091102_192.IDF
   18    7   11 130.0666667  38.1333333   07   30   15   00   07 130.1250000  38.1250000  OMAS_PROFILE_20200117_091633_617.IDF
   18    7   11 130.0166667  38.1500000   07   30   09   00   08 130.1250000  38.1250000  OMAS_PROFILE_20200117_093012_087.IDF
   18    7   11 130.0000000  38.0333333   08   10   09   00   09 130.1250000  38.1250000  OMAS_PROFILE_20200122_085738_781.IDF
   18    7   11 130.0166667  38.0833333   08   22   20   00   10 130.1250000  38.1250000  OMAS_PROFILE_20200127_091748_946.IDF
   18    7   11 130.0333333  38.1333333   08   22   15   00   11 130.1250000  38.1250000  OMAS_PROFILE_20200127_092518_721.IDF
   18    7   11 130.0000000  38.0333333   08   25   03   00   12 130.1250000  38.1250000  OMAS_PROFILE_20200128_090008_151.IDF
   18    7   11 130.1166667  38.2000000   08   25   20   00   13 130.1250000  38.1250000  OMAS_PROFILE_20200129_084218_074.IDF
   18    7   11 130.0000000  38.0333333   08   25   09   00   14 130.1250000  38.1250000  OMAS_PROFILE_20200129_085335_100.IDF
   18    7   11 130.0166667  38.2000000   08   26   09   00   15 130.1250000  38.1250000  OMAS_PROFILE_20200129_092211_157.IDF
   18    7   11 130.0500000  38.0833333   08   31   20   00   16 130.1250000  38.1250000  OMAS_PROFILE_20200201_095440_264.IDF
   19    7   12 130.1333333  38.4333333   07   02   20   00   01 130.1250000  38.3750000  OMAS_PROFILE_20200102_084855_931.IDF
   19    7   12 130.1500000  38.4833333   07   05   15   00   02 130.1250000  38.3750000  OMAS_PROFILE_20200104_090750_016.IDF
   19    7   12 130.0833333  38.4166667   07   09   03   00   03 130.1250000  38.3750000  OMAS_PROFILE_20200106_130653_748.IDF
   19    7   12 130.0000000  38.4500000   07   10   15   00   04 130.1250000  38.3750000  OMAS_PROFILE_20200107_092844_714.IDF
   19    7   12 130.0333333  38.4833333   07   12   03   00   05 130.1250000  38.3750000  OMAS_PROFILE_20200108_082510_116.IDF
   19    7   12 130.1000000  38.2833333   07   11   20   00   06 130.1250000  38.3750000  OMAS_PROFILE_20200108_082951_867.IDF
   19    7   12 130.1166667  38.3500000   07   13   20   00   07 130.1250000  38.3750000  OMAS_PROFILE_20200110_092253_632.IDF
   19    7   12 130.0500000  38.3833333   07   14   20   00   08 130.1250000  38.3750000  OMAS_PROFILE_20200111_083320_513.IDF
   19    7   12 130.1833333  38.4000000   07   17   15   00   09 130.1250000  38.3750000  OMAS_PROFILE_20200112_055311_550.IDF
   19    7   12 130.0666667  38.4833333   07   18   20   00   10 130.1250000  38.3750000  OMAS_PROFILE_20200112_060149_114.IDF
   19    7   12 130.1333333  38.4333333   07   20   20   00   11 130.1250000  38.3750000  OMAS_PROFILE_20200113_091432_278.IDF
   19    7   12 130.0500000  38.4000000   07   22   20   00   12 130.1250000  38.3750000  OMAS_PROFILE_20200114_091806_512.IDF
   19    7   12 130.1166667  38.2500000   07   22   15   00   13 130.1250000  38.3750000  OMAS_PROFILE_20200114_092419_916.IDF
   19    7   12 130.2333333  38.3833333   07   25   15   00   14 130.1250000  38.3750000  OMAS_PROFILE_20200115_085746_227.IDF
   19    7   12 130.0166667  38.3833333   07   26   09   00   15 130.1250000  38.3750000  OMAS_PROFILE_20200116_101042_636.IDF
   19    7   12 130.2333333  38.4500000   07   29   03   00   16 130.1250000  38.3750000  OMAS_PROFILE_20200116_102207_719.IDF
   19    7   12 130.0500000  38.2666667   07   29   15   00   17 130.1250000  38.3750000  OMAS_PROFILE_20200117_084853_231.IDF
   19    7   12 130.0833333  38.4333333   08   01   03   00   18 130.1250000  38.3750000  OMAS_PROFILE_20200117_093307_441.IDF
   19    7   12 130.1500000  38.3666667   08   03   03   00   19 130.1250000  38.3750000  OMAS_PROFILE_20200119_093806_351.IDF
   19    7   12 130.2000000  38.3833333   08   04   03   00   20 130.1250000  38.3750000  OMAS_PROFILE_20200119_095836_512.IDF
   19    7   12 130.1666667  38.4666667   08   03   09   00   21 130.1250000  38.3750000  OMAS_PROFILE_20200119_102043_453.IDF
   19    7   12 130.1000000  38.4500000   08   04   15   00   22 130.1250000  38.3750000  OMAS_PROFILE_20200120_082917_389.IDF
   19    7   12 130.1333333  38.3666667   08   08   03   00   23 130.1250000  38.3750000  OMAS_PROFILE_20200121_101705_779.IDF
   19    7   12 130.0833333  38.4000000   08   12   03   00   24 130.1250000  38.3750000  OMAS_PROFILE_20200122_085932_606.IDF
   19    7   12 130.1000000  38.4833333   08   12   09   00   25 130.1250000  38.3750000  OMAS_PROFILE_20200123_092919_952.IDF
   19    7   12 130.1500000  38.4166667   08   25   03   00   26 130.1250000  38.3750000  OMAS_PROFILE_20200128_085917_039.IDF
   19    7   12 130.2000000  38.2833333   08   26   15   00   27 130.1250000  38.3750000  OMAS_PROFILE_20200129_090101_577.IDF
   19    7   12 130.0500000  38.4166667   08   30   03   00   28 130.1250000  38.3750000  OMAS_PROFILE_20200131_091921_671.IDF
   19    7   12 130.0000000  38.3166667   08   31   20   00   29 130.1250000  38.3750000  OMAS_PROFILE_20200201_104132_790.IDF
   19    7   12 130.2333333  38.4166667   08   31   15   00   30 130.1250000  38.3750000  OMAS_PROFILE_20200201_104441_273.IDF
   19    7   12 130.2333333  38.3333333   08   31   09   00   31 130.1250000  38.3750000  OMAS_PROFILE_20200201_104837_199.IDF
   19    7   12 130.0000000  38.3166667   08   31   20   00   32 130.1250000  38.3750000  OMAS_PROFILE_20200201_104958_124.IDF
   20    8    8 130.3833333  37.3666667   07   07   20   00   01 130.3750000  37.3750000  OMAS_PROFILE_20200105_084252_299.IDF
   21    8   10 130.3666667  37.8500000   07   01   03   00   01 130.3750000  37.8750000  OMAS_PROFILE_20200101_093126_397.IDF
   21    8   10 130.4833333  37.8000000   07   16   03   00   02 130.3750000  37.8750000  OMAS_PROFILE_20200111_103948_487.IDF
   22    8   11 130.4000000  38.1666667   08   27   03   00   01 130.3750000  38.1250000  OMAS_PROFILE_20200129_085508_672.IDF
   22    8   11 130.2500000  38.0166667   08   26   08   00   02 130.3750000  38.1250000  OMAS_PROFILE_20200130_083558_553.IDF
   22    8   11 130.4333333  38.2333333   08   28   20   00   03 130.3750000  38.1250000  OMAS_PROFILE_20200130_092632_836.IDF
   23    8   12 130.4166667  38.4500000   07   13   09   00   01 130.3750000  38.3750000  OMAS_PROFILE_20200110_090450_353.IDF
   23    8   12 130.2500000  38.4333333   07   19   20   00   02 130.3750000  38.3750000  OMAS_PROFILE_20200113_085437_339.IDF
   23    8   12 130.3833333  38.3500000   07   20   03   00   03 130.3750000  38.3750000  OMAS_PROFILE_20200113_085836_904.IDF
   23    8   12 130.2833333  38.3833333   07   20   09   00   04 130.3750000  38.3750000  OMAS_PROFILE_20200113_091732_008.IDF
   23    8   12 130.3000000  38.4666667   07   21   15   00   05 130.3750000  38.3750000  OMAS_PROFILE_20200114_090443_643.IDF
   23    8   12 130.4500000  38.4500000   07   26   15   00   06 130.3750000  38.3750000  OMAS_PROFILE_20200116_100715_948.IDF
   23    8   12 130.3833333  38.4500000   07   29   09   00   07 130.3750000  38.3750000  OMAS_PROFILE_20200117_084325_571.IDF
   23    8   12 130.2833333  38.4833333   07   30   09   00   08 130.3750000  38.3750000  OMAS_PROFILE_20200117_092900_800.IDF
   23    8   12 130.3333333  38.4000000   07   31   15   00   09 130.3750000  38.3750000  OMAS_PROFILE_20200118_084834_496.IDF
   23    8   12 130.3666667  38.4333333   08   01   09   00   10 130.3750000  38.3750000  OMAS_PROFILE_20200118_091055_165.IDF
   23    8   12 130.4000000  38.4666667   08   05   03   00   11 130.3750000  38.3750000  OMAS_PROFILE_20200119_102112_854.IDF
   23    8   12 130.2666667  38.3333333   08   07   09   00   12 130.3750000  38.3750000  OMAS_PROFILE_20200121_101004_362.IDF
   23    8   12 130.2833333  38.3666667   08   09   03   00   13 130.3750000  38.3750000  OMAS_PROFILE_20200121_102143_472.IDF
   23    8   12 130.2833333  38.3666667   08   09   09   00   14 130.3750000  38.3750000  OMAS_PROFILE_20200122_084925_108.IDF
   23    8   12 130.4666667  38.3666667   08   13   15   00   15 130.3750000  38.3750000  OMAS_PROFILE_20200124_085842_214.IDF
   23    8   12 130.2500000  38.4166667   08   18   03   00   16 130.3750000  38.3750000  OMAS_PROFILE_20200124_093344_896.IDF
   23    8   12 130.2833333  38.4166667   08   22   15   00   17 130.3750000  38.3750000  OMAS_PROFILE_20200127_092621_485.IDF
   23    8   12 130.3000000  38.3500000   08   23   20   00   18 130.3750000  38.3750000  OMAS_PROFILE_20200127_093852_972.IDF
   23    8   12 130.4166667  38.4666667   08   23   09   00   19 130.3750000  38.3750000  OMAS_PROFILE_20200128_085010_192.IDF
   23    8   12 130.3833333  38.2666667   08   26   20   00   20 130.3750000  38.3750000  OMAS_PROFILE_20200129_085922_762.IDF
   23    8   12 130.3500000  38.4666667   08   28   09   00   21 130.3750000  38.3750000  OMAS_PROFILE_20200130_092346_942.IDF
   23    8   12 130.4666667  38.4833333   08   31   03   00   22 130.3750000  38.3750000  OMAS_PROFILE_20200131_101115_122.IDF
   23    8   12 130.4666667  38.4666667   08   31   09   00   23 130.3750000  38.3750000  OMAS_PROFILE_20200201_103917_082.IDF
   24    9    8 130.7333333  37.2500000   08   22   03   00   01 130.6250000  37.3750000  OMAS_PROFILE_20200127_085641_620.IDF
   25    9    9 130.5000000  37.6000000   07   01   09   00   01 130.6250000  37.6250000  OMAS_PROFILE_20200101_093146_970.IDF
   26    9   10 130.6666667  37.9333333   07   07   09   00   01 130.6250000  37.8750000  OMAS_PROFILE_20200105_084540_992.IDF
   26    9   10 130.7333333  37.9833333   07   13   09   00   02 130.6250000  37.8750000  OMAS_PROFILE_20200110_091957_812.IDF
   26    9   10 130.5166667  37.7833333   07   20   15   00   03 130.6250000  37.8750000  OMAS_PROFILE_20200113_090005_807.IDF
   27    9   11 130.5000000  38.1000000   07   07   22   30   01 130.6250000  38.1250000  OMAS_PROFILE_20200104_092535_134.IDF
   27    9   11 130.6500000  38.0833333   07   12   03   00   02 130.6250000  38.1250000  OMAS_PROFILE_20200110_091651_304.IDF
   27    9   11 130.6666667  38.0500000   07   18   15   00   03 130.6250000  38.1250000  OMAS_PROFILE_20200112_060541_317.IDF
   27    9   11 130.5500000  38.1833333   08   25   15   00   04 130.6250000  38.1250000  OMAS_PROFILE_20200129_084435_219.IDF
   28    9   12 130.5500000  38.4000000   07   15   15   00   01 130.6250000  38.3750000  OMAS_PROFILE_20200111_101729_437.IDF
   28    9   12 130.7166667  38.4833333   07   16   09   00   02 130.6250000  38.3750000  OMAS_PROFILE_20200112_054527_576.IDF
   28    9   12 130.5666667  38.4166667   07   17   09   00   03 130.6250000  38.3750000  OMAS_PROFILE_20200112_055640_446.IDF
   28    9   12 130.5333333  38.4333333   07   21   20   00   04 130.6250000  38.3750000  OMAS_PROFILE_20200114_084442_323.IDF
   28    9   12 130.5500000  38.3333333   07   22   09   00   05 130.6250000  38.3750000  OMAS_PROFILE_20200114_093125_156.IDF
   28    9   12 130.7333333  38.4500000   07   27   09   00   06 130.6250000  38.3750000  OMAS_PROFILE_20200116_101352_283.IDF
   28    9   12 130.5000000  38.4333333   08   03   15   00   07 130.6250000  38.3750000  OMAS_PROFILE_20200119_101809_314.IDF
   28    9   12 130.6666667  38.4500000   08   08   09   00   08 130.6250000  38.3750000  OMAS_PROFILE_20200122_080705_524.IDF
   28    9   12 130.6000000  38.4500000   08   09   20   00   09 130.6250000  38.3750000  OMAS_PROFILE_20200122_084347_806.IDF
   28    9   12 130.5833333  38.4000000   08   09   15   00   10 130.6250000  38.3750000  OMAS_PROFILE_20200122_084503_389.IDF
   28    9   12 130.6833333  38.4166667   08   18   09   00   11 130.6250000  38.3750000  OMAS_PROFILE_20200125_093107_095.IDF
   28    9   12 130.5166667  38.3333333   08   19   15   00   12 130.6250000  38.3750000  OMAS_PROFILE_20200125_094825_104.IDF
   28    9   12 130.6000000  38.3666667   08   22   03   00   13 130.6250000  38.3750000  OMAS_PROFILE_20200127_085556_285.IDF
   28    9   12 130.5000000  38.4166667   08   24   09   00   14 130.6250000  38.3750000  OMAS_PROFILE_20200128_091210_545.IDF
   28    9   12 130.6666667  38.3333333   08   25   15   00   15 130.6250000  38.3750000  OMAS_PROFILE_20200129_084605_986.IDF
   28    9   12 130.5166667  38.4500000   08   25   09   00   16 130.6250000  38.3750000  OMAS_PROFILE_20200129_084720_081.IDF
   28    9   12 130.7000000  38.4500000   08   26   09   00   17 130.6250000  38.3750000  OMAS_PROFILE_20200129_092022_203.IDF
   29   10    5 130.7833333  36.6333333   08   13   20   00   01 130.8750000  36.6250000  OMAS_PROFILE_20200124_084825_141.IDF
   30   10    7 130.8833333  37.2333333   07   07   06   20   01 130.8750000  37.1250000  OMAS_PROFILE_20200104_091700_405.IDF
   31   10   10 130.8166667  37.9166667   07   03   20   00   01 130.8750000  37.8750000  OMAS_PROFILE_20200102_103858_362.IDF
   31   10   10 130.9333333  37.9500000   07   04   09   00   02 130.8750000  37.8750000  OMAS_PROFILE_20200103_091035_644.IDF
   31   10   10 130.8833333  37.9333333   07   07   09   00   03 130.8750000  37.8750000  OMAS_PROFILE_20200106_130924_020.IDF
   31   10   10 130.8333333  37.9500000   07   09   03   00   04 130.8750000  37.8750000  OMAS_PROFILE_20200107_093121_706.IDF
   31   10   10 130.9500000  37.9333333   07   10   09   00   05 130.8750000  37.8750000  OMAS_PROFILE_20200108_084122_620.IDF
   31   10   10 130.7666667  37.9666667   07   10   15   00   06 130.8750000  37.8750000  OMAS_PROFILE_20200108_084239_278.IDF
   31   10   10 130.8333333  37.9000000   08   21   20   00   07 130.8750000  37.8750000  OMAS_PROFILE_20200126_103137_139.IDF
   32   10   11 130.7666667  38.0166667   07   04   03   00   01 130.8750000  38.1250000  OMAS_PROFILE_20200103_090843_873.IDF
   32   10   11 130.8000000  38.1833333   07   04   20   00   02 130.8750000  38.1250000  OMAS_PROFILE_20200103_091126_394.IDF
   32   10   11 130.9000000  38.0166667   07   07   15   00   03 130.8750000  38.1250000  OMAS_PROFILE_20200106_131039_539.IDF
   32   10   11 130.9166667  38.1333333   07   10   09   00   04 130.8750000  38.1250000  OMAS_PROFILE_20200107_093158_564.IDF
   32   10   11 130.9833333  38.1666667   07   13   15   00   05 130.8750000  38.1250000  OMAS_PROFILE_20200110_092128_017.IDF
   32   10   11 130.9833333  38.2333333   07   13   20   00   06 130.8750000  38.1250000  OMAS_PROFILE_20200110_092231_810.IDF
   33   10   12 130.9000000  38.3500000   07   03   15   30   01 130.8750000  38.3750000  OMAS_PROFILE_20200102_103443_415.IDF
   33   10   12 130.9833333  38.2833333   07   13   20   00   02 130.8750000  38.3750000  OMAS_PROFILE_20200111_100213_940.IDF
   33   10   12 130.8000000  38.4666667   07   16   15   00   03 130.8750000  38.3750000  OMAS_PROFILE_20200111_103748_397.IDF
   33   10   12 130.7833333  38.3500000   07   18   03   00   04 130.8750000  38.3750000  OMAS_PROFILE_20200112_054809_585.IDF
   33   10   12 130.8166667  38.3833333   07   19   03   00   05 130.8750000  38.3750000  OMAS_PROFILE_20200112_055847_437.IDF
   33   10   12 130.7833333  38.4333333   07   18   15   00   06 130.8750000  38.3750000  OMAS_PROFILE_20200112_060501_578.IDF
   33   10   12 130.7666667  38.4333333   07   23   09   00   07 130.8750000  38.3750000  OMAS_PROFILE_20200115_084106_538.IDF
   33   10   12 130.7666667  38.3166667   08   07   15   00   08 130.8750000  38.3750000  OMAS_PROFILE_20200121_101108_489.IDF
   33   10   12 130.8666667  38.4000000   08   17   15   00   09 130.8750000  38.3750000  OMAS_PROFILE_20200124_095258_111.IDF
   33   10   12 130.8000000  38.4166667   08   20   15   00   10 130.8750000  38.3750000  OMAS_PROFILE_20200126_095734_946.IDF
   33   10   12 130.8333333  38.4166667   08   21   09   00   11 130.8750000  38.3750000  OMAS_PROFILE_20200126_101919_121.IDF
   33   10   12 130.8000000  38.4333333   08   29   09   00   12 130.8750000  38.3750000  OMAS_PROFILE_20200131_093851_722.IDF
   34   11    7 131.1000000  37.2333333   07   07   06   20   01 131.1250000  37.1250000  OMAS_PROFILE_20200104_091756_731.IDF
   34   11    7 131.1000000  37.2333333   07   07   03   00   02 131.1250000  37.1250000  OMAS_PROFILE_20200104_091956_988.IDF
   34   11    7 131.0666667  37.0000000   07   07   15   00   03 131.1250000  37.1250000  OMAS_PROFILE_20200105_082310_688.IDF
   35   11   10 131.0833333  37.9833333   07   05   03   00   01 131.1250000  37.8750000  OMAS_PROFILE_20200103_085310_567.IDF
   35   11   10 131.0166667  37.9666667   07   07   03   00   02 131.1250000  37.8750000  OMAS_PROFILE_20200106_130840_910.IDF
   35   11   10 131.0166667  37.9333333   07   10   03   00   03 131.1250000  37.8750000  OMAS_PROFILE_20200108_084019_533.IDF
   36   11   11 131.1000000  38.1666667   07   07   09   00   01 131.1250000  38.1250000  OMAS_PROFILE_20200105_084737_941.IDF
   36   11   11 131.1833333  38.1333333   07   07   20   00   02 131.1250000  38.1250000  OMAS_PROFILE_20200106_131106_803.IDF
   36   11   11 131.1000000  38.0166667   07   10   20   00   03 131.1250000  38.1250000  OMAS_PROFILE_20200107_093405_499.IDF
   36   11   11 131.0333333  38.0333333   07   13   03   00   04 131.1250000  38.1250000  OMAS_PROFILE_20200111_095914_861.IDF
   36   11   11 131.1500000  38.0166667   07   13   09   00   05 131.1250000  38.1250000  OMAS_PROFILE_20200111_100015_260.IDF
   36   11   11 131.1333333  38.1833333   07   13   15   00   06 131.1250000  38.1250000  OMAS_PROFILE_20200111_100111_054.IDF
   37   11   12 131.1666667  38.4166667   07   02   15   00   01 131.1250000  38.3750000  OMAS_PROFILE_20200102_102336_209.IDF
   37   11   12 131.0833333  38.3500000   07   09   20   00   02 131.1250000  38.3750000  OMAS_PROFILE_20200107_091756_397.IDF
   38   12   12 131.2666667  38.3333333   07   07   20   00   01 131.3750000  38.3750000  OMAS_PROFILE_20200105_084852_689.IDF
   38   12   12 131.2666667  38.3666667   08   19   20   00   02 131.3750000  38.3750000  OMAS_PROFILE_20200125_094445_637.IDF
   38   12   12 131.4833333  38.4500000   08   21   03   00   03 131.3750000  38.3750000  OMAS_PROFILE_20200126_095046_921.IDF
   39   13    5 131.6333333  36.6666667   07   19   09   00   01 131.6250000  36.6250000  OMAS_PROFILE_20200113_085038_885.IDF
   40   13   10 131.6166667  37.9000000   07   20   20   00   01 131.6250000  37.8750000  OMAS_PROFILE_20200113_090200_803.IDF
   41   13   12 131.5666667  38.4500000   08   03   03   00   01 131.6250000  38.3750000  OMAS_PROFILE_20200119_094136_360.IDF
   41   13   12 131.5000000  38.4166667   08   26   03   00   02 131.6250000  38.3750000  OMAS_PROFILE_20200129_083616_616.IDF
   42   14    7 131.8833333  37.2333333   08   13   09   00   01 131.8750000  37.1250000  OMAS_PROFILE_20200124_090212_245.IDF
   43   14    9 131.7833333  37.5000000   07   21   03   00   01 131.8750000  37.6250000  OMAS_PROFILE_20200113_090241_318.IDF
   44   14   12 131.8000000  38.4833333   08   01   03   00   01 131.8750000  38.3750000  OMAS_PROFILE_20200117_093419_515.IDF
   44   14   12 131.8000000  38.4833333   07   31   20   00   02 131.8750000  38.3750000  OMAS_PROFILE_20200117_093535_528.IDF
   45   15   12 132.0666667  38.3333333   07   18   20   00   01 132.1250000  38.3750000  OMAS_PROFILE_20200112_060234_101.IDF
   45   15   12 132.0666667  38.4666667   07   29   03   00   02 132.1250000  38.3750000  OMAS_PROFILE_20200116_102019_092.IDF
   45   15   12 132.0333333  38.4833333   08   04   03   00   03 132.1250000  38.3750000  OMAS_PROFILE_20200119_095722_207.IDF
   45   15   12 132.1500000  38.3833333   08   12   03   00   04 132.1250000  38.3750000  OMAS_PROFILE_20200122_085831_526.IDF
   45   15   12 132.0666667  38.4333333   08   18   03   00   05 132.1250000  38.3750000  OMAS_PROFILE_20200124_093529_769.IDF
   45   15   12 132.1000000  38.4666667   08   30   03   00   06 132.1250000  38.3750000  OMAS_PROFILE_20200131_091839_518.IDF
   46   17   12 132.5333333  38.4666667   08   19   15   00   01 132.6250000  38.3750000  OMAS_PROFILE_20200125_094649_316.IDF
   47   18   12 132.7666667  38.4666667   08   04   09   00   01 132.8750000  38.3750000  OMAS_PROFILE_20200120_083419_272.IDF
